0.01,-116.04748641677442,72.54218463769165,160.01572335210003,0.11377388713781274,0.419086017763649,0.29007921793454466,-0.05068141858720357,0.5546496001141921,-0.15038580094914675,0.36282733222704977,0.5440557413522218,0.008899447696871121,0.11943020139321048,-0.0638696982119916,-125.29906021442507,32.41467390756857,69.34272347762807,-0.10558292974888392,0.3280448544332589,-0.09793363572335015,0.7978305053142569,1.0324578952531143,0.7419487075632973,0.38464909557622395,0.2697120224799585,-0.3043672804317538,0.03688113801467052,0.00623905381233196,-170.4476927822401,5.982301130341897,1.838521585705503,0.42731421059002894,0.1404463427881803,0.003486511147898552,0.1921649507927013,4.022433893129945,2.8027950423961774,-0.25286544692991897,-0.6985758369030816,-0.8842186680917945,-0.44823220696817523,-0.08977022907811713,-167.87820800832034,11.673628780368995,20.65832514188613,-0.05639978414207496,-0.0945891739289117,-0.0437934860854068,0.08416341743612368,-0.05310833165669263,0.14246796786368365,0.6147219082607285,0.6285199906291564,0.2824317875046609,0.7197660659410577
0.02,-116.22150988010443,73.45074169377953,159.7252879484222,-0.03297201993247661,0.24475509679268848,-0.07353994648196854,0.33994929956295467,0.2898159494826274,0.42052684485135355,0.5176574358670354,0.4008454331386286,-0.33603870794104107,0.4544936931874659,-0.05045121498176325,-125.65559219976191,32.30357673838861,69.69542162837581,0.23466673073492866,0.030333811189094326,-0.052357211698556755,0.1577432532275308,0.7786171073823762,0.26039508194517347,0.7672289461323367,0.25764047393599593,-0.45053430333422334,0.5859409957992316,-0.14070775120421264,-170.9290453425288,5.743461908811054,1.8544765503934857,0.0985861347274539,0.0698277483434937,0.35990673934448714,0.13491096691624777,0.2764098539857173,0.15384128828227134,-0.5711259974171944,-0.750861419492022,-0.7202229239892775,-0.28482911993482324,-0.1220676419077854,-167.89811942586064,11.435439508317003,20.520751134178898,-0.12885059697704257,-0.1348867343503123,-0.04395490502612173,0.2285851482013842,0.19696731120376407,-0.1042944782614404,0.43448457950116887,0.5815385734920261,0.3142523403998169,0.5564668786777783
0.03,-116.18950660520986,73.57670361047083,159.5047456855229,-0.006627973184275007,0.07970880977083286,0.10074768310681584,0.01817176123991849,0.20248929481518133,0.7251612183961527,0.562645336949526,0.5521444815911302,-0.4009731216712054,0.22305766503674918,0.03584515965036861,-125.90076889399688,32.25321040338802,70.02031758003906,0.5048416366721997,0.03358472999855857,-0.18548710106414448,0.09135104737890688,0.640177672610648,0.40257643208951105,0.10461562312498318,0.2439597346873969,-0.24021672748059927,0.2158317310584107,-0.00408465018276416,-171.02777996120906,5.7447953249410215,1.9981552510299454,0.13811624846284198,-0.17243173170973153,-0.0065495396203342215,0.39461460162245776,0.7168480476816387,0.37420071468603755,-0.4715008691037939,-0.6144359132376283,-0.6378340603425902,-0.1968623904836848,0.17836508441692275,-167.7622685828312,11.414241329929727,20.446445493160873,0.1421323142570086,-0.11313995567392612,-0.03777235960865043,-0.12364152552916681,0.0703008502129853,0.2808024331718629,0.36394742037830796,0.3501864406210693,0.27202588551295204,0.24445635076110067
0.04,-116.08785359478772,73.54329720927753,158.84862772518392,-0.052238850128642975,0.3625646137921264,0.13184744158862202,0.4822745543811644,0.40074571954639115,0.4383151019280856,0.5942062286962475,0.4245810120119865,-0.27584372736233886,0.3768027195060929,0.1414113820249922,-125.84351163822451,32.17615215210886,70.28976162037019,0.32237596326266643,-0.15758488603262483,-0.0715812837076488,0.4780237708248173,0.6000954226335651,-0.12735702632756477,0.16253693058746946,0.6970914803331396,-0.08124807735502639,0.12748833177119545,0.165029037521282,-171.04967312978928,5.892029626515305,1.87973453663017,-0.1162068150810808,0.2555570107373045,0.2585830407132271,0.35198236537819516,0.7914130213143197,0.19690386955091638,-0.24893384972941363,-0.659251634235216,-0.574982124397532,-0.5906526456301744,0.0895180970513394,-167.78393504472575,11.422807329936877,20.40898378120095,-0.317350748618028,-0.009167117650528037,0.03741588039352451,0.19298073971010507,0.1458855116075879,0.30122450191084993,0.6690486341634495,0.4947276035159575,0.48334212741287996,0.675116474678705
0.05,-116.16972240788097,74.14664077129859,158.51580102618854,0.1063532414132846,0.20688348527277003,-0.2757874833492261,0.24917121367453843,-0.10301541541585715,0.33436864458907534,0.5635715166546393,0.7607732522385743,-0.3973938141776477,0.3129155856320283,0.01894011062938398,-125.74352344839055,31.6599681303787,70.45454976615557,-0.13426967510314472,0.04689010603627693,0.32519519110243955,0.41746852407557883,0.6007763300069678,0.2959772198901827,0.4564403768110393,0.4502145552159798,-0.22958419719308013,0.2776266379095812,-0.07724707127158384,-171.51436086378445,6.094146511149498,1.7947371586514604,-0.005388767809450717,0.23247122686981536,0.25056577714777284,0.6014344347323614,1.74917595823505,0.24417387475018876,-0.2324159492632444,-0.8087152426458397,-0.734403855314389,-0.5524763922233055,0.4033000629594241,-168.16706324547653,11.47439493113623,20.468068595802148,0.07139025314784646,0.23199088298097287,0.17026596465861593,0.3185498533024151,0.03712284113598141,-0.10116873783580005,0.7221615434408366,0.8988298192525551,0.3580693655469148,0.33595780543760356
0.06,-116.21319522523471,74.47053092086838,158.36178816407295,-0.056298357203170946,0.27089272334218406,-0.01772359936647766,0.18418669304019858,-0.0462103384347744,0.15589901026190456,0.47538728398450225,0.5047172497847164,-0.3535444883110414,-0.0165350965958167,-0.030532826880575778,-125.72932096611581,31.35866177954105,70.39079345993166,0.2208377728245639,0.22403420204883306,-0.006321886786340228,-0.2905896857436677,0.2600346430596692,0.2662454800746369,0.3661131159728621,0.2737425198786118,-0.1662977667594629,0.37389992815548034,-0.169499651446492,-171.66772036539922,6.131409531363168,2.125978182729644,0.12438212424344615,0.08614936522190272,0.25609719687780763,0.9345127396366769,0.709258857033838,-0.016016904861651304,-0.4057499284030822,-0.5444688482967492,-0.46071152554860756,-0.6003756502623245,-0.14599191929758157,-167.82654138263456,11.467602121196752,20.30480301867641,0.040931266308511696,-0.16711855545656826,-0.20051035145483126,-0.08581859913486745,0.38502008624065265,0.06971884129377905,0.5366430316651296,0.5069953012776455,0.39155437657011755,0.6394138240524616
0.07,-116.12003548782269,74.66788332329374,157.52255524125778,0.25104098273611086,0.3837521518097732,0.09973607958583472,0.02512640673753709,0.4893288184812279,0.8566120805085897,0.391204154148944,0.5800161020132251,-0.6741476649056681,0.4012617919269466,-0.07772820763360436,-126.03732319524298,31.299407183482554,70.14003497533679,0.07759673097148312,0.09439472664809836,0.07573781404474904,0.5577952496697874,0.19310430504247555,0.061211925419077,0.31835131086797075,0.2895473238485055,-0.49825510747207524,0.20558323487438182,-0.268360780802328,-172.1109950528728,5.900697664566432,2.451962398423552,0.21933355055384507,0.007161140606243177,-0.12395908388523114,0.5986178700574967,2.7657322551572125,0.9879302730144056,-0.12748889779881212,-0.8425080300691073,-0.42617101604557894,-0.6259169166927459,-0.11410857938523691,-167.97591057395005,11.509836250993239,20.377920278341367,-0.10254909407082427,-0.28631462988154305,-0.19868536418341592,0.0283243259334109,0.07802859695112066,0.2174476532044542,0.3240306796719368,0.6244005329293038,0.6411892327741382,0.3189257835230291
0.08,-115.8785481881537,74.94410725276987,156.846901832476,-0.1534312175370482,0.3960639682342573,-0.06778952905684932,0.15376931602383043,0.3075600853828711,0.5872687926412604,0.6261395463541394,0.38781738766676155,-0.8513179287549204,0.49790485549830904,-0.0640642324587028,-126.11668186382607,30.502119780247664,70.24833288198057,0.2848165025448168,0.19945626755377432,0.2571553442208647,0.35080528713664705,0.03030609203247264,0.9122456168759698,0.2639520104555484,0.23098223026678566,-0.24093054932865998,0.4918909660628945,0.0936540181230602,-171.88938615151838,5.887174804592634,2.6515034514179914,0.4018564693376591,-0.028249332195761763,0.32524171212629954,0.8415039178678463,1.7555547916438718,-0.016273644646845657,-0.18138828632681597,-0.6806195694799033,-0.6505360723131227,-0.5635431197112215,0.28360697989353073,-167.840256477104,11.579019274257249,20.273358361811216,0.15629333915859625,0.006617741879713646,0.03828909906152836,-0.02691668023106339,-0.05289192428887768,-0.007472514223324123,0.4292553430940389,0.4715214485816248,0.6787618255369126,0.4253969937178859
0.09,-116.40559356646946,75.4426329859362,156.479555606798,-0.3038053268008342,0.17287350626438422,0.2624837103249372,0.4097854822792721,0.239538831733774,0.3781857668418195,0.5502351410984256,0.69086352017181,-0.49187652224047923,0.47915520808312123,0.009618290719438538,-126.20014099245957,30.575785337502097,70.25446703897137,-0.06257777668343978,0.1623870732808595,0.024999806023085075,0.2552911983054237,0.11070527886175027,0.20050176095842967,0.5068952790507211,0.10341676105434212,-0.13976416070604752,0.020527686318999688,0.11974757315873213,-171.59116744587408,5.761268714401576,2.633240450650567,-0.11549284928174199,-0.18311949545243666,0.17888131821336015,0.371276516218576,2.8248211428932053,0.5840132260705644,-0.33361153792579407,-0.7356712958362573,-0.41170474787242256,-0.3037202190189692,0.030671211560877314,-167.6882298662551,11.329213940778448,20.23273278983411,-0.05882325207424516,0.03944554568145015,0.0666966936603651,-0.06684358926147853,0.08997113385565894,0.056934645720758376,0.52854311619618,0.295647735644242,0.46671445228120356,0.5728666872351956
0.1,-116.49133157659313,75.82434593060358,156.05786860642115,-0.005248974508770876,0.1951241899346709,-0.08531095237830259,0.49908641752683824,0.35434522359149206,0.4981883741238656,0.6688886011789428,0.19277127287048165,-0.4865449327264609,0.5269898041076406,-0.05021489107179851,-126.32224775715825,30.250234057541242,70.3537219699932,0.04050169399249298,0.16696091592533774,0.017034326482698446,0.5928482454747124,0.39481912274657516,0.07140852792967997,0.6531202081287791,0.4619610617197951,-0.3809596448270335,0.12930038650051143,0.01460416581085891,-171.23371367967098,6.080200333792,2.839567698960911,0.15210252415668887,0.1877932111657785,0.346207165175739,0.4657216294666966,2.3125072295120215,1.3447540387749173,-0.24556214387550002,-0.5746420176602429,-0.811862032297952,-0.6564438762028965,0.1708696225797614,-168.01873637128236,11.297481521969031,20.383913656653675,0.17296448702529538,0.10834208092035372,0.03779614804858235,-0.06698902170335089,0.03695446688767041,0.18325780527277377,0.6995480742770839,0.6933415628385324,0.6901457038442509,0.7848709849127928
0.11,-116.62584538386827,75.9519089559835,155.72916193496417,0.17532283858292202,0.20905279791813614,0.2542857193930971,0.9328405180827148,0.6053983576352325,0.618281458842686,0.4449636518323829,0.5474531617255666,-0.3700895762253683,0.4426823370589048,0.05341569269411017,-126.29579792903863,30.18133510941495,70.24232206579629,0.00765287023386127,0.2597705024937268,0.14929830284032436,0.4733922887083311,0.39111760746826363,0.6964905525752908,0.4359475005845347,0.14431756237254673,-0.13137454868457035,0.09681878924207393,0.09682996915220143,-171.5725967000156,5.993326278936892,2.875753703952458,-0.0024715775647303727,0.08125240820619631,0.20507628139051357,0.008714294787958737,0.9749333932411425,0.5614117697503974,-0.285613162717675,-0.5998347061662843,-0.6253548740428331,-0.49996677749622787,-0.08754614284899259,-167.99001629689292,11.716242650357163,20.409413734979953,0.04684451448552067,-0.20748557013352542,0.23590833968681768,0.06968865298510096,-0.13434958109643952,0.2864116875828534,0.4799501564903621,0.4409817979129624,0.5765381758994635,0.46946082803750516
0.12,-116.6922745334021,75.9612276744634,155.14006776971706,-0.026317612936337526,0.33821817338955484,0.17745886171021535,0.4779950954963923,0.3657781254662735,0.5168333810576383,0.507171281273895,0.5737639882997577,-0.3387757667367714,0.6243411289441776,0.17833132107078997,-126.71126457865506,29.837059756379862,70.18836955863581,0.1463328331980112,0.12461626135246846,0.055877657017900914,0.3656281642697451,0.714202662240691,0.6182615647015612,0.34744165727943566,0.3104058271265266,-0.13495511452804643,0.018845446923871162,0.056802103844679847,-172.23863575038806,5.9280158211453,3.085282491539657,0.019523846335333668,0.11180041976643468,0.2851970289424043,0.018052028709678855,0.4621005716700133,0.24895865989554286,-0.5901263128823596,-0.47229682768202524,-0.8357004614216392,-0.3266330043368815,0.08754034067219446,-168.1050233008828,11.494823627063212,20.286345638691774,0.07699698787126621,-0.1642267760479505,0.07274835194293088,-0.028591614117796718,0.15733365025931942,-0.017566230020880064,0.496231920164554,0.6008383614063039,0.4729552931282244,0.611860490087197
0.13,-117.09339120781227,76.4725608569301,154.87969914584565,-0.15956310388107922,-0.07453390565139528,0.1597825022813775,0.5816891629249303,0.5225456675723424,0.6807044127277918,0.48032482926059494,0.513045949208554,-0.5627076989825348,0.36005884962687607,-0.01009321558770672,-126.7163406802372,29.7106318448154,70.42130089252663,0.09903480507676088,0.4165167928171799,-0.13040099041479628,0.3539798564638159,0.7920687356316399,0.18959506893288514,0.23471016494409322,0.42173528308051533,-0.3015504421362975,0.4346327212790279,0.1595100540075673,-171.9008740845415,6.139829878082791,3.033648391970727,0.252166270534198,0.2125648908210392,0.34904541059850325,0.13596528640719532,-0.07235244270916219,0.33139988694321154,-0.3431369581166485,-0.5561208617452007,-0.5976100500536156,-0.30038141846986594,0.02813879763406539,-168.03074332734678,11.360147274383708,20.65475064762565,-0.2766659434989036,0.05418364820645569,0.08925715942655452,-0.04464358436674316,0.16621839294736082,0.17962229563409457,0.3434627666930259,0.44525532202402307,0.26215256278915083,0.5643703839605645
0.14,-116.83983163739484,76.69436693769423,154.30048085720568,0.04774727652357091,0.420021993390692,0.13028117179308374,0.6020651444501769,0.021212242412491297,0.8387314886576634,0.9242098228528697,0.652598855546417,-0.525341601938135,0.4186210435510358,0.43160337917732366,-126.56225252158768,29.524727251509407,70.45712520795236,0.2332707249336063,0.3154037357396127,0.3754361639470707,0.48208347541650354,0.3326929560611068,-0.03502419973602553,0.5785465160518264,0.48433175616186475,-0.16783540458158686,0.012721466965505294,0.21547727382151216,-171.99834968866378,5.933568740345356,3.3104073299234007,0.021333303000293735,-0.00948381945637504,0.11825200154962728,0.7642381901292066,0.42666035402240715,0.522210188510801,-0.6088229679232605,-0.5231066152554229,-0.34805320254313743,-0.6371751855981649,0.16590210170893346,-167.70472752887906,11.380834866232096,20.325931198980538,0.1675444654262766,0.060889075732168514,0.0990991323625735,0.2603763048606224,0.33867172460022,0.06506959837088037,0.43601810637973915,0.6553368802038138,0.5018944841646076,0.18728403741374167
0.15,-117.20642617210825,77.12810829125827,153.67935023759992,0.21039500060145988,0.570765197364901,-0.09972990217749539,0.5973429686318809,0.017066056343457092,0.7492183843422398,0.47007118370315387,0.42568869224479755,-0.3038850101400016,0.2518836173964879,0.0409706569945877,-126.93268581136915,29.24228385760845,70.73693653479687,0.20812949760050015,0.2899166240263725,0.12214604644811347,1.0881483489160095,1.1547463713620285,0.9376551539560296,0.165458818249506,0.314085966463315,-0.5137505649786702,0.45318389495880573,0.5497337225942376,-172.10255817440952,6.3195679459212695,3.5764647552120876,0.4744884581671956,0.1754110386032769,0.31842181876277414,0.4385478658704983,1.2921486648243052,1.4084650504453247,-0.48620695862637825,-0.7162664724197207,-0.44871239373384425,-0.5293781663581336,0.11958334968230068,-168.03276023318782,11.462505925638833,20.354578087636682,-0.019440564868079706,-0.12607852426304944,-0.03205616402379075,-0.10261058745164986,-0.3157814011801348,0.08720478599138372,0.29347544597670855,0.5796861311133634,0.697042034157202,0.24367383777825258
0.16,-117.3320677831522,77.1303292146915,153.25247859548645,-0.0071971857620496404,0.1862082151279881,0.3466351628434709,1.1065005352373878,0.6379639174005127,0.5360921916549153,0.7917611762379587,0.4892704443753396,-0.5661973374030883,0.19925930981080617,0.05318394114708802,-126.74701142528086,29.28056496487076,70.48180478956034,-0.08397714055601643,0.11463146066427696,0.057054095974484555,0.83872596497173,0.2830236793482149,1.6379471228024665,0.41620943437996194,0.07997710367723457,-0.30391896212181,0.21768936173967082,-0.10204592256634822,-171.85251649691892,6.393650646905256,3.289147942944025,0.12318495428323915,0.013191976777360642,-0.06508769830452629,0.43245653930869643,2.4502142840765315,1.9311279913094592,-0.5418019905848288,-0.6315738972116564,-0.342601266822234,-0.3554252561591162,0.050528692792004254,-167.9440672218805,11.42530876386266,20.385603430063743,-0.11727475683580496,0.0937113093859186,-0.05627368413857631,-0.02929253038198458,0.24723165282223475,0.006713086141197665,0.47809216512568004,0.6093603547405336,0.5136239005600866,0.3826157028544129
0.17,-117.46807774278366,77.22078111346543,153.20143998604803,-0.07448959912119107,0.09383872807282359,-0.1218283369854128,1.096223571562445,-0.07436482238872485,0.15980107188159778,0.5294180447572772,0.6186199045455195,-0.34714197424398424,0.62746408941338,0.2054668895950949,-126.97652926788209,29.127432295037192,70.86569475788046,-0.0099733689152523,-0.16244546649700886,-0.1914068720733338,0.821250873556227,1.273860952217232,1.551915746899527,0.5870895442067082,0.23392874521360685,-0.2411404945551208,0.4054205225100198,0.19236272699599588,-172.00835852603691,6.455761622316428,3.8262492475448493,-0.028364850610464627,-0.1736692083236021,0.6434777490554042,0.6911302100264807,1.9505774868851344,1.5675297887395325,-0.2968084604984985,-0.5855141091635983,-0.6237421087472846,-0.5803510859113198,0.12725764256911415,-168.00311921779368,11.51322248899113,20.261945421941586,0.0075899942578308704,0.053804457328959124,0.27515478592415804,-0.06222429454939079,0.04375566089070298,0.08671941969345895,0.5340707508073406,0.6956667031246101,0.4102059260567333,0.6119156195884577
0.18,-117.66110085949936,77.55717490894513,152.8467079130713,0.3861944043830879,0.19725676372441658,0.2279286457185677,1.4588697862778521,0.055880196679671375,0.34467556288300244,0.2862883996434639,0.4996683442925193,-0.42280148492225517,0.3424338551618779,0.0618796041691835,-126.95250675506202,29.244481928706147,70.63337671077387,-0.20903331586155827,0.1514750884838817,-0.07914618830855057,0.5832961409657281,0.9149472115352245,1.1443825641729817,0.2975006258862217,0.27931533077692833,-0.11657475898270378,-0.03580822196781175,0.28510291420755113,-172.62969235375368,6.464341269551723,3.926575499613368,0.023778627749437134,-0.20200246426088056,0.8184966693864076,0.14760413321001076,0.20906025465898737,1.5888078427685082,-0.4665435371404268,-0.6006890673259667,-0.5370216522210673,-0.5082665742544694,0.02556328477668994,-167.8970378978566,11.681523501125133,20.308649171785117,0.15895478942161118,-0.07810604583242742,0.2627554248509576,0.09710961339372107,0.3130086691319057,0.045649394888914285,0.5621737524983655,0.4139636185719397,0.4352197753150023,0.4827152434111038
0.19,-117.81405380156205,77.56980797432966,152.5026783024328,0.19917054538365128,-0.033279837944748564,-0.053613087322338236,0.8277753040722933,0.8066384135217701,0.7726336478813545,0.36802948857933815,0.8747653763543314,-0.26766710383518927,0.4194457905544492,-0.11344175441017333,-127.24020114830368,29.322839248892276,70.1626677480467,0.35976693045871144,-0.05887732903777561,0.3003470201700721,1.7098607337794998,0.337738648496521,1.1973253119901026,0.6955895856424987,0.27291405934440016,-0.07081146002876457,0.2764291817153144,0.17054105328676566,-173.0864777594159,6.027946287947627,4.004065191749979,0.2402626141224049,0.2633051710467448,0.0666147702152059,0.426555802669461,0.22135849203214963,2.0321077612891916,-0.39295846945123597,-0.5877537653620074,-0.41043811598345437,-0.39239521824661217,0.32552665626857613,-168.02961195686507,11.589771425517279,20.47045883468468,0.3316801807131946,-0.07016373450626776,0.171307797229414,0.10084411242211655,0.2522605232124812,-0.06840551084145761,0.6610992160841537,0.5285229664967152,0.7903367638183997,0.4334696311566629
0.2,-117.95008860968139,77.79614052718142,152.79397939953682,-0.014779835362019513,0.031352541811351865,-0.10374349991054099,1.3413165321082143,0.5538098018099442,0.30445314002764556,0.5570277121315723,0.5065975494976627,-0.6638568285903911,0.3033707450562438,0.16201975219508244,-127.5461804906718,29.47202261461427,70.35149634006721,0.02525025483692909,0.49701862339274844,0.07957981241464043,1.349363249128332,0.9196213639659894,1.7752433588725816,0.13398100492207551,0.16147578115302857,-0.2923170573038011,0.33700988902913687,0.26786280508884824,-172.9963532672312,6.242834696594036,4.258050920685039,0.2108704172392686,0.15595240510734298,0.47273400330907955,1.01148804984273,0.5733209584550739,2.3645517188450254,-0.15588196611820795,-0.4878595883442324,-0.55215860348438,-0.3940197741269688,0.15551527823841535,-167.82406788653694,11.580361523364939,20.39128677762079,0.011331989064521833,0.17905049820062532,0.09718265861395527,-0.14732961484098334,0.13647096778349077,-0.07707170923898354,0.46214750234159163,0.22224889299295342,0.5489418041972401,0.19014441194005707
0.21,-118.18427208190242,77.51703718989467,153.39191611992524,0.10465810903964674,0.17100311862021145,0.16291830860263548,1.2924322198978604,0.41322863811026855,0.42888198841247627,0.37822944461480756,0.7608758159420156,-0.3907862444774426,0.32239149713861237,0.17762213289630385,-127.45928465409382,29.760696472377408,70.39413062549221,0.07855655415276587,0.22972468978629135,0.1748137971790413,1.0170793686852713,0.8045684909395844,1.6028369298072307,0.6887066097240168,0.15186909211841812,-0.34617942626619314,0.4897995120577163,0.4236401731912353,-172.9345499080782,6.163158647489226,4.495360856556076,0.2691562673720897,0.060505968436358595,0.3555092496909548,0.6905641216689696,1.529352941262715,1.920133519166112,-0.2304127738343849,-0.38458387799330707,-0.4671522186791254,-0.3494693668933073,0.053552786149544146,-167.71301878413018,11.480311848498447,20.456400608446987,-0.1601701310491932,0.010931036681254329,0.10313978538719873,-0.0465292431532386,0.09732205382535619,0.03527720496338335,0.7009476739593234,0.6273133869900362,0.46612453455998454,0.4637817526558878
0.22,-118.17461510598707,77.53835402633611,153.7374059371118,-0.027701343914409288,0.6946471604168645,0.2154106122214599,1.4636504320964598,0.23569474133599935,0.1323594917142454,0.3165939055536048,0.7493876759314454,-0.4806007209236715,0.5744340006219223,-0.09942653285135514,-127.69107893079754,29.93227358077151,70.44674510483321,0.2608539125343214,0.47495830147011653,0.26168249273139366,0.7548081029114208,0.8654907378901662,1.4535986134016272,0.9800502064499874,0.16359786137833143,-0.22367649303945997,0.6642415650683526,0.31612904110031875,-173.49591268764976,6.380925282778654,4.685969622031151,0.09736470583910965,0.11704745930912533,0.23582608759545787,0.386835396546514,2.4641344138420154,1.6648163634535857,-0.2912382679362695,-0.37949456730061515,-0.35648897818633607,-0.3250190255701893,0.11248388222902422,-167.94247693976286,11.591311839850471,20.529619037679765,-0.02630119960467431,-0.05443771017757647,-0.1090168510631314,-0.3547180090559281,-0.07731785843941459,0.00508776514860218,0.47303765897936684,0.8655746429995317,0.7077052185883795,0.5670230300048337
0.23,-118.68942340846297,77.2564472653821,154.68809071556205,0.12137624001397761,0.3593883661292896,0.05607978518421836,0.8156771863916552,0.43241564943085337,0.3107669676785529,0.6969187259403898,0.42946040383571193,-0.34075049234656174,0.32462482069951487,0.31427712279098274,-127.61730415358879,30.30078630303119,70.65025505132499,0.33445412087904414,0.7690556101081466,-0.1095137383190607,0.03996793414178658,0.6495889077656708,0.7873594666253032,0.5987249772925838,0.1750507559069965,-0.11332005040612692,0.4930491475243076,0.3331215987230677,-173.34188119172552,6.498729050754646,4.823706991556275,0.3388874603003698,0.16718930709246005,0.2815278060596981,0.6590303289693004,0.01670197046074831,1.1015436115363246,-0.2842056243345735,-0.6359108537576378,-0.6669920332817919,-0.20970500663681463,0.11627044895682845,-168.03953395116397,11.507114736368377,20.34632832001157,0.03833520685153601,0.2210558251467914,0.04586129731213624,0.03983493211419883,0.0834031383974779,0.15142891752223672,0.5527442290025294,0.6750353815684209,0.47869955186060664,0.5483445612122885
0.24,-118.58221203536108,76.89903468116563,156.14436086088259,0.13468730069379944,0.4458519958733399,0.13567308720660265,0.6359582206106009,0.5007843962615832,0.4180663384779586,0.5302724129650268,0.5988453752471673,-0.4177045819417739,0.45843615073726107,0.2321673750754586,-127.65174249476627,31.30281968393623,70.29522042208465,0.1401108430311923,0.38959633654836046,-0.015953811889885677,0.5772430198380198,0.19934985464436994,0.576630989722843,0.36865075452217694,0.3879739022779278,-0.17040062401587683,0.623033832381808,0.21313984572730788,-173.47706392860866,6.576913448653179,5.37984374790097,0.1874604261716016,-0.3267222290476196,0.2012955197673263,0.8881230051633916,0.17781026795733168,1.4135803488757361,-0.5278585338208732,-0.5751665509233598,-0.5825557983511109,-0.43829577693897365,0.4161921673356624,-167.99472880227466,11.248650257399728,20.125200505209147,0.15428421665887065,-0.10914704500217953,-0.03439890505145629,-0.006772410044640326,0.048099675991835594,0.06673465499514819,0.4034464937396925,0.5654019748911132,0.544581187039272,0.6595529048969613
0.25,-118.92908587846281,76.17504131015717,158.1971496611563,0.174647193881794,1.0611409077271665,0.21032566605807324,0.7414483789153316,0.22684058265684554,0.5217648609737806,0.8112724620917058,0.6174726683630553,-0.4663130330852601,0.5870117926177735,0.2048410062447848,-128.0592153253449,31.438869069958763,70.43711863500874,0.12878000392805838,0.629942452920928,-0.08306082408072205,0.8420394386352916,0.35666196078555595,1.052135307675373,0.6520163252142631,0.6479775862675978,-0.6121871892070034,0.4341021110724803,0.2055311588798056,-173.30137141275046,6.477601960148836,5.55235223509299,0.14767392250312325,0.2786555606655828,-0.0478056357010709,0.7210336160429124,0.812917563691478,1.4379039276638896,-0.4680739969998864,-0.6100257314697679,-0.6725994251583092,-0.3033485048598779,0.07572134446968652,-167.6560341666037,11.460979973564964,20.385121524895965,-0.06773787153764885,0.03443918988743899,-0.11750362090998136,0.008995894502211499,0.08460192678037466,0.07069823769275171,0.2990669449470208,0.17744483739243383,0.469163069318045,0.4680407314210944
0.26,-119.39476055240162,75.11830724605021,159.99740505220825,0.18412278768932006,1.6333869857570789,0.10731115650775946,1.1471228338557922,-0.10297246292900941,0.9865874675184363,0.7373181567174909,0.6970193534380338,-0.2511703146729058,0.6673248024493392,0.17105199487548634,-127.80292153599162,31.770711195999215,70.41489960934379,0.10445236875098987,0.6798978397192835,0.0855782328754397,1.1655079447097993,0.014970044202553767,1.0849234366849814,0.3732101908347533,0.1898006111084714,-0.28351927346235806,0.6110388817907791,0.1927045274065426,-174.2104071275389,6.786644661998548,5.5716077562848,0.2225313966802151,0.12423727349247671,0.4747713537760624,1.128180023733922,1.482625175708805,2.4140300173803846,-0.4968604976061278,-0.43115290441236054,-0.45372555192721487,-0.1819690507598368,0.24443725201394423,-167.8577450338969,11.550632091741274,20.477124045380364,-0.015531541481226206,0.13156958927598553,-0.09152558390442583,0.06231207831006805,0.14224670337447176,-0.1535507524649631,0.7635989661823107,0.3015131058391189,0.37465863286505996,0.6773110879068107
0.27,-119.4839692003735,74.50212959599331,161.61168783500065,-0.16635643099821468,1.8273625754072693,0.1477635841897822,1.10125616960712,0.11826669064976664,0.3245603323083238,0.4876034598322252,0.44047090518774196,-0.5066185549126591,0.41456297343379483,0.15708759654702056,-128.037103534259,32.44872577893209,70.1868525648937,0.17539744842286345,0.8509695928076024,0.1284050812336548,0.5868997528429778,0.3141762235934064,0.7705084368070151,0.33432747697632226,0.2961181015735904,-0.4845068012137599,0.22083328627052717,-0.03642912336810854,-174.45829303333934,6.543577157147187,5.380668673361689,0.19311040986946285,-0.053918183693742384,0.640688281037413,0.7948284975070441,0.8766154101842777,2.344294366914237,-0.4637269652141286,-0.40035817658792355,-0.5364176749280432,-0.3788648456617082,0.16021393857093114,-167.7948826655251,11.474901178357728,20.451709709553125,0.048540556146446326,0.1104243123595737,-0.01176520260943622,-0.06278004953777729,-0.17028898330772024,0.1502946686205376,0.4435994330958716,0.499469336051652,0.31784326693141396,0.5938625839796837
0.28,-119.47100041227972,73.5044520057613,163.29836533299672,0.12892244774058143,1.7733287497323431,-0.0019322360356279489,0.7097408683855481,0.47622299183393,0.15608000120466858,0.5447993188769882,0.5243659985899961,-0.22978748724261971,0.5581934682344049,0.2102386231829187,-128.1696963894506,33.35722877846907,70.34484281611117,0.4259950604351589,1.0059112124596439,0.29737130784744975,0.462959062102006,0.6516299784938872,1.1182004709720237,0.3881898058515232,0.2360222762411311,-0.1195310803474309,0.40417607550377643,-0.25777147903806596,-174.8531157700152,6.5981756808799865,5.865749005671068,0.12755086023251552,0.0348702417069664,0.8406653676401952,0.5052831873472602,0.7563238989771244,2.240734738259795,-0.3551516795886251,-0.8935627164305231,-0.4733489365534764,-0.6185894524681468,0.26186472727501314,-167.70989214768295,11.45636625133072,20.355529206664055,-0.12509973309192074,0.008761097260448547,-0.12610176652214944,0.0692713163351944,0.11588854206220561,0.1084304258202817,0.6619558777414319,0.5615482302525628,0.2445882699916963,0.32489790700518884
0.29,-119.78947332844518,71.86016432907105,165.59059384721667,-0.19694520992249173,1.630142609844645,0.4145812676523129,-0.05640412366173109,0.3767332136664696,0.5658982214800775,0.3915445840670529,0.5559318094474446,-0.5144215818993721,0.3174383830122724,0.31145164023857674,-128.42248340746946,33.95929265670829,70.34284873672507,0.1837901407508567,0.2802780775186247,0.07231140550864743,0.805694293761017,0.4312575138521686,0.5278768080422058,0.3333899931269385,0.3085651515898889,-0.34729089206986624,0.4666973450506142,0.1507507349896696,-175.5159298448929,6.849661123105027,5.561158952611471,0.109286705775968,0.12140185012598136,0.28710550116250166,0.44637088913723905,1.6872774007099172,0.03126755053634858,-0.5153740617025803,-0.726320405223509,-0.5535911222900126,-0.48519594348763406,0.2042271202036225,-167.73253778363772,11.37645999318927,20.172130864192177,-0.24379383592760623,0.08824846532260659,0.2288186342764507,0.08995934349139639,0.15268473494520252,0.01176532874586152,0.1449653142938074,0.30922366404653245,0.4781672777850563,0.6002614410233007
0.3,-120.12838017523968,69.85031999752047,168.1147149724842,0.17349473032756663,1.674363048156283,0.38128199331571677,0.29448590866936536,0.046295640209556246,0.3458507839802121,0.40060789827728305,0.12952895741964487,-0.6481192292792373,0.49139453599721983,0.09110209267864518,-128.47571810051028,34.384008682281745,69.99498505145523,0.12716307656889594,0.37379501930111103,0.13513037352800242,0.23831039527032583,1.4181434339565904,0.08472274841453503,0.5756870147604956,0.4057791826244083,-0.37802345966073525,0.0413113306971887,0.3409806034085255,-175.51788092313683,6.909130959701311,5.65206161733599,0.05361530683422014,-0.20917615068747925,-0.20732641306137922,0.04008541139454953,1.4366466550685468,0.1201028390565985,-0.27646696289240935,-0.568759807828968,-0.45600671357484096,-0.4366687736241206,0.26357337212212745,-168.12013272221577,11.65299227967661,20.743926805584547,-0.3890308026056766,0.27174421138010896,0.13458063818592045,0.054045103577662165,0.17892978804019297,0.11122235374443215,0.6184951907024844,0.5890304089649768,0.4114085793890623,0.4982408464858434
0.31,-120.75803648688303,68.17992160619487,170.55466125937912,0.26294259823615135,1.7123038019264567,0.42200708034082524,0.5710491024703563,0.17867807568958086,0.6369823941605093,0.6629192044539903,0.29388996005729545,-0.4145481971803157,0.6531077360329282,0.29934819384199796,-128.2134251188752,34.806913851536734,69.71213115530215,0.3150775670668891,0.7196956939415934,0.047356987499835794,1.4619272033236046,0.272699269389945,0.5516677707902554,0.3092316424158146,0.49911366910471155,-0.5009867345815032,0.5710631432479066,0.3031458388437334,-175.4249367492569,7.137060233223853,5.464204625918745,0.2951250794470669,0.22565061020921062,0.12619026142670928,0.042147187132864646,-0.016489141886018077,0.4131609416431452,-0.23984907212448783,-0.5079637652072938,-0.3733009011064381,-0.45461524311020884,0.23175448391824952,-167.7400988635171,11.293764736939183,20.283428363551796,-0.12948031976090107,0.014986824353818776,-0.21603450973362384,0.024579684562051493,0.02102851120703962,0.3021808576779396,0.4080377265515398,0.643421860521335,0.7069627582836029,0.5566553940818854
0.32,-121.34791488327421,66.1062204603394,172.74519044030367,0.07882498557846417,2.0981390763889545,0.5069960879713042,0.3920300075878265,-0.04781306709927707,0.5777545540700746,0.6024432692762276,0.37930779068044934,-0.5846161252055069,0.3393372719746081,0.01723704531342691,-128.58637475964454,35.73260273334774,69.33003551831847,0.2347883090615132,0.8837380886433681,0.15366465847575966,0.43142813105816014,0.8174632599085618,0.3532512893594637,0.6505487239872162,0.6232252096349734,-0.27694233173721383,0.4285033444000838,0.20117063048782047,-175.3740661603877,7.043750542417644,5.878868389447234,0.16812442326682517,-0.1290829832462399,0.25789998636998457,0.7097095180419766,0.8582408807746731,2.8339923449904876,-0.25926836877831,-0.5939089343097264,-0.41594304963995193,-0.2913146754726408,0.4903004563931953,-168.023662320755,11.405548328343643,20.504975933788753,0.05830251652236673,-0.14781946934600756,0.2876081154762615,-0.024328047691145157,0.007455874544128969,0.13128655124672112,0.3436490024232303,0.5507428648118924,0.5799871152616629,0.6603913807172253
0.33,-121.98659421933837,63.84791393206659,174.20234436387085,-0.015218657246673171,2.199045200990187,0.25675236222551523,0.3726855689205827,0.33507658009464025,0.18867328540129236,0.77473041763203,0.7241777817594695,-0.5367625704104186,0.4158392345401688,0.2541055684614296,-128.60476701407072,36.5442708176812,68.90625856672735,0.08168836146818848,0.8619166105981748,-0.07870044721946128,0.2796262823032474,0.3531103051251012,0.36711373078424125,0.36873100097636546,0.32732177135466933,-0.386683378702478,0.42065364606531364,0.3585935332789605,-175.6968981254396,7.010930848802763,5.742578097788214,0.15974282655140126,0.09235432041403913,0.0858789011667655,0.44448449351529695,0.484610091891148,0.44875396911954923,-0.27359602489348134,-0.6404858679977175,-0.6144839543737727,-0.25722549282007506,0.20358255593255675,-167.77739024615872,11.48080451692913,20.406406095073002,0.058327747091790685,0.16706540282644367,0.016043306536813455,0.06371737209179358,0.242051723698748,0.054623921284210786,0.6766945248903034,0.40474405589795837,0.22597135018564246,0.2832320891648147
0.34,-121.97057817848534,61.89442636447367,175.09344123099913,0.03401102858175817,1.870027673072388,-0.021933764254079197,0.36577987337393175,0.16398388471465586,0.15929442385880851,0.45691354589421046,0.5026586444931892,-0.2667494122933282,0.5966460279864677,0.4457778063393024,-128.86337249986667,37.33443642069353,68.5897762490061,0.35823310661914926,0.7740836495394909,-0.10173243926622708,0.42753750239062493,1.309479527704978,0.14395477528273648,0.40611165555730766,0.36415314649580593,-0.2056656774533592,0.2500246281188364,0.385197934702166,-175.8783586188458,6.994438229712481,5.806466969542803,0.12997292292735063,0.1756740997443842,0.16015317478627805,0.7499875804769105,0.1745502048223962,1.5059975817915268,-0.516881167571458,-0.5283575901843067,-0.440780036626329,-0.22168131941497682,0.26919281174587123,-168.0755889891855,11.557448010099094,20.640549815616037,-0.04726338845523444,-0.05095924797096597,-0.052751490377116766,0.04913335329552404,0.14442923967746862,0.12218729615346217,0.4041226887976562,0.5819160070270293,0.6650117684183581,0.29639521639109767
0.35,-122.61496028966437,59.45508195537192,176.3490002579409,0.12648186537722167,1.7780123935711096,0.41654911313627174,0.28634565070301626,0.25897391136666637,0.21265402239824674,0.4299898618821976,0.2479163715797218,-0.7051724081307915,0.6669611019973428,0.38994677073973777,-128.9242974246103,38.277246584911126,68.11194117400125,0.49048157599422226,1.1433930886098738,0.010800481679389518,0.2614590439779212,0.6151438423625857,0.3232749662640264,0.3175809951207884,0.28923044822323235,-0.3275531746923518,0.2466241812929937,0.4699754665008914,-175.92800742902432,7.097901400442788,5.727268251285192,0.11260047490803236,-0.08425497321462724,-0.07344839735427783,0.9628354226626223,1.0964551077158788,1.7071358300742256,-0.5066150497368048,-0.6882045011911874,-0.7475105879238895,-0.4866146649536381,0.3444381120936878,-167.72456858087457,11.439980453675995,20.549474352471194,-0.16287005209728164,0.05161700661113535,0.1198442210834417,-0.07736627669886316,0.13265391788129965,0.23953614497275522,0.5557656290356571,0.34319854345478396,0.47156103147179684,0.594451368179055
0.36,-122.85519005420552,58.26963515998248,177.07663854442993,0.2506248384716049,0.9894719368931565,0.30706250701225324,0.3738117085123259,0.03834537576244733,0.24471779792359227,0.42228874968281715,0.6044679068511295,-0.6014959840779889,0.5633203049964021,0.39484274850676787,-128.88146298881014,39.158772843263826,67.65289928087286,0.3323712859012692,0.7703808531930662,0.2618519951281508,0.48639724557093916,0.6262319167938039,0.6644029051415714,0.693733710370025,0.5506435820811236,-0.5462999139480395,0.4005680980717246,0.34060888989168975,-176.38944547198267,6.906843967964681,5.663106233140095,-0.011338626882148883,0.14754437536687381,0.0941418978363777,0.9890038545850238,1.743043917007323,1.7539668194931446,-0.37327476846105057,-0.7279479536169521,-0.7527909605290783,-0.4147189956657074,0.4231592398585683,-167.86271885519199,11.56661437705073,20.70198489120908,-0.03861435041826308,0.09877090956682229,-0.012391755838000756,0.008827706396287233,-0.0610879157676585,0.3862690819016016,0.2913721145538978,0.2339467907670264,0.33795999601826004,0.6396318769124304
0.37,-123.20635864890906,57.51941648932704,177.50828283894006,0.28281728582684695,0.3867927578006143,0.345411181140521,0.7961939724289563,0.17329288706853457,0.6703018544517672,0.5206963638967993,0.496785834021482,-0.5356800261713132,0.6844496282060607,0.11216668222734992,-129.0523184000984,40.10995239709198,67.55998489524525,0.09248970396159727,0.6560964428628827,-0.15684569329772824,0.17125599087261967,0.3900524850164957,0.11236341190687124,0.41498018040271967,0.5140734046192842,-0.18083510650988643,-0.06804553973716426,0.45549919208965484,-176.4363576439379,6.729823829260105,5.536936344297062,0.295407704696892,0.20002837052931768,-0.022753820254066248,1.189583018611472,0.4543665738632913,0.6910609994714363,-0.35820804082344054,-0.6285947039259892,-0.49352808606963966,-0.44262464012374864,0.3384530812376661,-167.75774754237392,11.533518502249908,20.40376297755336,-0.016594656328394672,-0.1387556305876984,0.04646955798490949,0.1779015096928821,-0.12368785848788447,-0.07525002819521139,0.47968184881919934,0.3729996856706713,0.6655133615375717,0.5310737796256735
0.38,-123.55422905586164,57.33282537705251,178.1420597955181,-0.09468727423422815,0.5485873005571646,0.3829333330812148,0.18292174718201304,0.5766424988970408,0.014526123077952743,0.7966750752905758,0.8263512005668476,-0.697653540608602,0.27909787331882585,0.3604903530263377,-129.2581886799112,41.2068712876548,66.67559954472648,0.21269115659062343,0.6947996113201792,0.1401977487423437,0.09466878350860716,-0.033366447216004035,0.40499262398159996,0.3319328354007612,0.10474446377952187,-0.29668686333045013,0.34241192336520115,0.46491903304834464,-176.10846559563325,7.003181041392676,4.979485888676651,0.4633154654968037,-0.015553277809559896,-0.011793808346638096,0.3556777372092005,0.20881854321705506,2.0280198660963555,-0.33113029995404114,-0.3911664178270695,-0.2459899475406221,-0.31004656822034526,0.2996963508945224,-167.70287614412507,11.497271755486429,20.548512817534977,0.10086506706161785,0.017848223251623746,-0.04335541793895176,-0.16593630844660923,0.10691950130911182,-0.013863080248827379,0.7084190486973513,0.5149064574151149,0.4377841265019488,0.5050740717270933
0.39,-124.02849037880227,56.31981994999378,178.56375823407708,0.12464858214819192,0.8802393073739181,0.06436153887159174,0.04629919522452352,0.2876533760143314,0.4199253422669793,0.6762590345857046,0.2702270310687832,-0.4531749361129756,0.6297760177914978,0.5617457939355033,-128.8068202097364,41.78958031747006,66.3895709632174,0.22486658405116533,0.8018205923253623,0.07639591100729586,0.028508475922522713,0.6599478968731125,0.9744315315370797,0.1587819177454889,0.40794407131535454,-0.3849223238721257,0.32974905598111953,0.36727600807690786,-176.33478017398048,6.730911657626561,4.816455600422044,0.3817808890901,0.06385026277338544,0.3174738005925257,1.351182324220231,0.9906746320881542,0.48062018495088926,-0.348473784563457,-0.7892940684094276,-0.2714940972557709,-0.5178323896503657,0.46648302273975356,-168.07991584646294,11.455527149421357,20.645864477442096,0.10985070109921749,0.03430815472165985,0.0039626307440545835,-0.2180399741630743,0.17654385590815128,0.44993445010299565,0.5604808569184979,0.4827768872309344,0.6348183388744444,0.39008988941124156
0.4,-123.97873376524761,56.52393376896053,178.6791957460579,0.1379255452164789,0.739248236513116,-0.08369347055333376,0.16872104930110227,0.10567736414610693,0.43726184634976234,0.6345426988501187,0.3023757033623178,-0.6004649637783185,0.6222473064032501,0.3786204668255019,-129.09220177937672,42.18492515612561,66.15036686609541,0.21889070050827142,1.082528640010953,0.13436889117004325,0.3458262489361242,0.3864366799753277,0.8223558768531407,0.34428557132544674,0.19790316543834516,-0.0739504176223999,0.40550017714550224,0.4285792622479823,-176.29578821551925,6.916768487180056,4.605659903840052,0.3826133175658459,0.28751557335326544,0.2290492028826513,1.1424118915134898,1.0878511654583154,0.36038936701866264,-0.29712377353184766,-0.7513763262652249,-0.42571876607903864,-0.5802978121491572,0.3568374777246595,-167.88119322381968,11.594905008554266,20.40326209057428,0.017060950185998736,-0.03362055786896047,0.041083276714441716,0.14910993882254142,0.11214262092317459,0.08451381182597191,0.6887756300515606,0.5721230407532356,0.732420894080174,0.5691086706013485
0.41,-123.91628524182417,55.7802592126534,178.89680164465423,-0.10586513240618568,0.7207141175237839,0.1273458311410037,0.34331757787595235,0.1390146499624316,0.5269764441571376,0.6082536232149364,0.5240005849904054,-0.6239006249122507,0.5955223448827268,0.5251450378972766,-129.30730813456196,42.769089099989856,65.66355662172224,0.2014496591522898,0.6989578879977746,-0.07901327762758704,0.2630161664553415,0.3473483052778131,0.7112807949780111,0.3751860104641726,-0.09452623257574386,-0.38641738556897376,0.448351744172146,0.5735752430223593,-176.3899868077243,7.039495062079186,4.371315476628978,0.1932974078264863,0.017801005782001663,0.027758367434209605,0.11011058531094978,1.33421959607941,0.6894568881937171,-0.35536371420722807,-0.5665294338247352,-0.40936512476567155,-0.31979087162090314,0.2662928713166274,-167.48271840945918,11.440273253426644,20.459225609858894,-0.15120802584684542,-0.11638327249470429,-0.04211453834760562,-0.09363521119442161,0.13189198429093324,-0.0747900427643413,0.6504791167886516,0.4525182137618887,0.634553362052187,0.4924143917042986
0.42,-124.17224233926271,55.70815706490956,178.79368810417463,-0.02696219208773172,0.45646649693037844,0.12248311129448614,0.11265692920796816,0.1404789109510359,0.6657221987871595,0.5105688650307043,0.5794009933411407,-0.7876721161349511,0.5496827678223236,0.5361190596020678,-129.1732013349883,43.39005657191616,65.73250539462961,0.13665230454560384,0.6890803157749094,-0.06833332337279167,0.17373324773365556,0.31793968469017975,0.49364762499132103,0.496675897492964,0.14801973903870133,-0.32381501897372045,0.5643923771609346,0.3368344985846115,-176.5564201455659,7.013029822516834,4.45597603754288,0.2847661950238177,-0.1326092181712559,-0.038049176365569086,0.44313612714460465,1.399765769978097,0.24193886439015172,-0.5476113694784248,-0.6186857267581902,-0.36991442815371933,-0.6210518880177395,0.39806520576881527,-167.56597977689427,11.611981354626879,20.472437477217166,-0.15838016808795308,0.01412205613102959,0.05401254653880519,-0.12386454401645092,0.23780120982006525,-0.1729724566514159,0.3032608322253223,0.3858236206744471,0.667977543291046,0.5338269530754549
0.43,-124.23062691098174,55.311233159687596,178.86939294747347,-0.01202757771725968,0.5331214794143632,0.1265178651934273,0.13958809154492144,0.06845812181759271,0.5966172647558012,0.44040802538246204,0.5786369022964762,-0.5713882184753892,0.7857287165280468,0.09625479150788713,-129.11944389392548,43.761984120580884,65.26992713771784,0.0069642092658701304,0.959718909110078,0.03517417167806064,0.12584015682975597,0.21101393486904968,0.41957588560128606,0.6678702439359316,0.29006607960160363,-0.19319814308673128,0.42129478857965497,0.31500874770560827,-176.7564618419087,7.406194670575568,4.161458065499236,0.4093395541316221,-0.016518512326136405,-0.10340250086962767,0.6978764634692423,1.3859971545244505,-0.14950540238987525,-0.45481327873975763,-0.7260179278857153,-0.5139540673138805,-0.3518498764829467,0.16883959180495836,-167.81157997341018,11.523353741524021,20.653526259132374,-0.10719887368046746,0.07458333747311838,-0.1344919415181155,0.21382713974587375,0.28408100672414216,0.011202636327671461,0.374727869266794,0.7712977478960847,0.48965305891118827,0.31717864263005113
0.44,-124.40833682315012,55.207307749367416,179.28048360018678,0.21095538003152464,0.09331403765721702,0.4551072404668074,0.33559950876701794,0.32196012037414096,0.48207777928463785,0.6367768014541366,0.3667085952455429,-0.6391065407511703,0.5437987391795932,0.34778598221663753,-129.27343044375766,44.922327986637974,64.92963103767813,0.2662594093507116,1.021087747867863,-0.047241836210075314,0.21996603050773889,0.9745790708310678,0.7113569841681086,0.2515849851399717,0.6063306725715523,-0.36646355378977546,0.2151438592018931,0.5750128914109379,-176.70524865015244,7.29878523162871,3.7947843307101268,0.1609098730593283,-0.06324889243085026,0.05655329738276246,0.698959911011426,0.5523489390577637,0.31374620911972484,-0.3449577155052458,-0.6447756129984419,-0.603944960691967,-0.4734010900742584,0.3169495293706474,-167.73143981323148,11.61611329417499,20.41410791013567,-0.13102480948116424,-0.005055688473843696,0.002653472990025236,0.32669335778127456,0.032113052342968934,0.26603088406020586,0.66099980209563,0.5354137098984284,0.4944140972682063,0.5302118696784291
0.45,-124.70095390637438,55.90316862428164,179.7596473968055,0.32756360442191335,0.07088021145479267,0.1581273186395308,1.0307839021459533,0.151101599662271,0.10802683503808504,0.45369273261336324,0.3112437595408107,-0.7621267280051172,0.7787077617046355,0.40167999556936146,-129.0777408669636,45.85850737467254,64.27739670986844,0.22765866953724168,0.9305955858204401,0.2792903209101251,0.4589723215444841,0.5523835304148892,0.13589948829260612,0.23588584610127097,0.36336598188587155,-0.380653947757079,0.3776484061036616,0.3504772918831422,-177.25075194814852,7.070086906801452,3.4410760256957325,0.2926450761261796,0.06001986793318888,0.2048192626673771,0.08453068776690556,0.23226525403276477,0.194493384168151,-0.1455372113449948,-0.5861935535328262,-0.7256040608738131,-0.2730299195637213,0.3581352663997342,-167.87814120116997,11.646724998975362,20.646091920316792,0.15029422367192033,-0.11977429032359979,-0.172495670268643,0.31510750220888106,0.23312019984885018,0.05562540327065193,0.5859214880999071,0.4984334366549846,0.6916570427928501,0.2912710481405359
0.46,-124.85840394205053,56.08884222394392,179.8878192992339,0.07585403885612321,0.5614085074718902,0.2125499393916582,0.16750476476695098,0.3787780359156372,0.1565110086351567,0.6256369179779518,0.7079656014684493,-0.47696606856479035,0.8728499807363411,0.3915774416390933,-129.13924793319578,46.460686841513166,64.18404717769862,0.18239718802854038,0.7366161824034242,0.14553392450836036,0.19219246472514964,0.81452166072017,0.48374069698250083,0.4575405178066493,0.5212732655493146,-0.8103054801521807,0.5077775897377773,0.6491725959692144,-177.3358888572785,7.1320889868645185,3.040149690928701,0.31435776793264936,-0.14339988849987081,0.18977429084766417,0.5006650298996662,0.13405098159693546,0.7783231012686047,-0.38102030267177045,-0.6374216139933826,-0.645304435819713,-0.6531361779512979,0.5602710334461786,-167.8670278919602,11.444155794401457,20.57776240546888,0.27025787450058025,0.16907230213366958,0.048067500497379,0.6160305069612548,0.2849442414434911,0.13396948894275298,0.4732633221263466,0.5634482878369099,0.34203730726437825,0.37203038832404695
0.47,-124.58513558943204,57.03715999407007,179.9229061196245,-0.07605973243951233,0.8679304335222591,-0.12412862999152834,0.9560111585681832,0.2602505492657162,0.5461858092926912,0.48623323547061337,0.3295187766055422,-0.673273153160908,0.5126784520398426,0.294367283759001,-128.97553028336154,47.32230190518474,63.661852730506325,0.3093054291466232,0.9513873677642469,0.04102831020307096,-0.016307407668444004,1.188110630823016,1.092460631640257,0.27402314863523936,0.29507759303543735,-0.1618776274888757,0.37621557226830155,0.4294624956034377,-177.90171817254873,7.222001731108956,3.0381067652837666,0.3389471439710699,-0.14651037687918997,0.2851506345740756,0.3691487703860536,0.10221019996076945,0.8159653570534093,-0.4331324460649965,-0.4695465466781879,-0.5237955341324384,-0.484698091020564,0.6228580916346854,-167.70543594634353,11.419919597963524,20.538107771610154,0.07031391493997916,0.007134846762403578,-0.2955862504061048,0.21533163355696291,0.44332207025016707,-0.1681136382551518,0.37972747018067887,0.32114017726330324,0.31140679998293525,0.41067199414961053
0.48,-124.70834789529123,57.70104149683432,179.89176135621418,-0.10500225408489591,0.8571239503388517,0.0701779335681818,1.0512146377454428,-0.08388827736903903,0.30653996254160415,0.8169795891595354,0.41813127651119575,-0.43393755811535883,0.4465289100337708,0.2851534245925759,-128.79779690878271,47.464210918765126,63.81593588571542,0.2943845958142647,1.1355125218573072,0.09493258452945905,0.5443882211172324,0.7003377019090615,0.5458583133422806,0.3581133768253947,0.3157638087433819,-0.0456161329004402,0.3953381518714795,0.38341202186109047,-178.6031853422126,7.02674574506257,2.3373221980336503,0.5104740419691502,0.0043173461284524706,0.2531392413360492,0.33238849752097976,0.276123661518757,0.37106407280413556,-0.345070684522377,-0.4956863306157973,-0.3493739745298773,-0.36984910348025335,0.41230912496703787,-167.50610086708335,11.251267265457034,21.18708082940057,0.01613864190836225,0.19885971659220186,0.18130647473357014,0.11032499987403119,0.6414831655445202,0.06328472804085511,0.25061904760013065,0.592260035866712,0.6322689170910605,0.5145591712296624
0.49,-124.39267823247052,58.432622271747576,179.65477045777237,0.2564524968018611,0.5221858365783956,-0.13023475966495368,0.24142270243607228,0.13693419770260384,0.18006689342810006,0.709902582076382,0.37056813249231857,-0.5781199173825161,0.6884604622156529,0.4829849372213,-128.92369853005923,48.83761360865472,62.86766879232594,0.05417903620593996,1.04605145780838,0.1593261113257649,0.7738276821690176,0.6765110174034897,0.36062552738843123,0.49209998537515603,0.06873300229550455,-0.33147990985639736,0.09860491460007653,0.27434964456197414,-178.74983624402893,7.032114582639208,2.2039669912246773,0.27725507509657954,-0.10496354041540326,0.40949931022581065,0.3433900488120424,-0.0070043200940237416,0.7694515154715125,-0.46969366528363693,-0.949499877947399,-0.641780732230084,-0.5581035843164732,0.43106721634462997,-167.44642716594132,11.382059989965962,20.84300179833646,0.2738143083640731,0.05038199981161116,-0.15146182457124394,0.1577745882862342,0.6722321824334211,0.16233823675070486,0.5342427025623795,0.5997259173006443,0.5088757413392402,0.561427909550361
0.5,-124.31194555736538,59.09902851600836,179.48723265113793,0.07744638777711176,0.5691562673922858,-0.12301821263753684,0.8298681897121207,0.09744482796579719,0.5559032321847075,0.7287717841162981,0.5004065961257879,-0.5546488914119747,0.570704613604619,0.4113392919445578,-128.8010558226179,50.141423309060364,62.672727212935726,-0.03068584296907712,0.7755291089405056,0.21627650263742804,0.2768753166718489,-0.17093462340183313,0.9334744482642257,0.5011196457207114,0.4838065240073978,-0.2562313571305893,0.19807384355286267,0.4996624720284067,-179.05866030593626,6.9583515104718,1.965638547104771,0.25941008655483755,0.0969248435123445,0.3436406858710389,-0.07675631052526166,0.017894766300737157,1.1351147870982239,-0.28335918303846147,-0.5031596116542736,-0.4873563482673022,-0.5365510225137359,0.7529458424481439,-167.4219198107038,11.495347136513278,20.885508207128154,0.041116012027671504,0.4108773257646283,0.3813034764531726,-0.12849249637609855,0.8559066447763375,0.5562868185470446,0.6072912659514582,0.4966972132106618,0.5066070560058273,0.613989777694968
0.51,-124.35744959566442,59.866052840523466,179.60678227778845,-0.08260258507931963,0.6003571463369273,0.05133255377116877,0.8814214850528505,-0.07163577095058844,0.1853919085430621,0.6114197771052825,0.24196072599578988,-0.6099328599456955,0.808706503031413,0.3965349551413872,-128.86967461074815,50.528729325427435,62.409526523157055,-0.013492017543070889,0.8191147820914951,-0.08919661230888139,0.6782246106992628,0.09991295203554935,0.6147278948555445,0.6044297131164078,0.4661356570681283,-0.4237910970006151,0.21483065063532333,0.745583846086548,-179.50042618458446,6.970232071838806,1.38392718625481,0.34662015248943595,-0.09952026512805327,0.46038042566982773,0.5363038541306562,0.37104419660769683,0.9502319224368375,-0.3816515960617954,-0.6651460636011826,-0.2839219163762216,-0.5203972430776467,0.19207675676737113,-167.03299568881133,11.265829885649936,21.18376323593441,0.12364546053069336,0.2042513904453036,0.5167508873244777,0.4440595662337423,1.1752710432664295,0.761485273102569,0.7105630176573492,0.37831455648058787,0.5861963176395624,0.6524226214449541
0.52,-124.61272441512729,60.91952905263987,179.88078857499673,0.22028381621478366,0.6726591915794601,0.1594594507322611,0.7523130787276678,0.2740160750660336,0.28545977006678175,0.34601716478038147,0.5172015402910417,-0.598237818019212,0.31065195558975744,0.6693425310635779,-129.07854448938036,51.682263027737555,61.98083011223093,-0.02163854743976884,1.1023278574863025,0.10238152610541837,0.9435567703342166,0.4518622571640092,0.055778998080265686,0.18667960367668618,0.11115951718553191,-0.5886893837458842,0.46738769646650125,0.2976332636002127,-179.86442285068665,6.851524008296979,0.7154022392899377,0.6653109618536353,0.28359923395145525,0.38936505517112996,-0.16982175845989628,0.1048273717908847,0.29723111293130455,-0.233764434482562,-0.6869733286296771,-0.5239454568662408,-0.403569336970389,0.44527468946232673,-166.2992162757098,11.330447108333484,21.425927970982883,0.08704062506365827,0.28475100385086866,0.19654491645547453,0.1422020032426789,1.3839850808349605,0.5191657727009096,0.548915968262134,0.4048849443262115,0.6088230993336101,0.6376034356008329
0.53,-124.73498909916398,61.812027115544396,179.7921523292589,0.05108961977224963,0.9394304630694763,-0.0826061354014066,0.5177927561818306,0.34142395201486453,0.326521009696218,0.7174936055113091,0.5841636745811296,-0.502270035279609,0.47125046630247125,0.3534692075640777,-129.2548500893519,52.71644491530403,61.48895233280093,-0.02857049857009347,1.1822662024260393,0.11452161459552172,0.5921398203554905,0.009058131069148705,0.35263079329475877,0.568094157684681,0.2880011278837745,-0.23308431416034306,0.23033864490327216,0.4527639459114006,-179.98190888107152,6.7676249071450565,0.5471427893948893,0.48609868848930016,0.14434617608635578,0.07804162617725736,0.4374016992501319,0.3795716612847384,0.5380617660822723,-0.48376290775524994,-0.8205938217057208,-0.533850474258449,-0.42702598998796143,0.39943162348391814,-166.00556513457366,11.109676191783874,21.40894620008843,0.052718148921441825,0.05537607139425524,0.4838778530845047,0.14239300226212398,1.3716387674856652,0.24958680728613555,0.3961397477429821,0.43736322322575805,0.4153365445479702,0.47619286093340973
0.54,-124.390226398642,62.34179275335586,179.8187991139685,0.001573366910165283,0.7917456171687133,0.1272519933653154,0.2268908141687236,0.24265996535304535,0.2655853594580404,0.4943095694814739,0.18403029839888674,-0.599851411800884,0.6499170747761345,0.4690161282099652,-129.47789442311858,53.31984810471834,61.7399451967479,-0.027936372306385314,1.0550481893231247,0.08789505674753381,0.7868689235168549,0.42962670835433914,0.5207990659133075,0.30112403836868384,0.40515551986700404,-0.39734854269466047,0.3085803477797301,0.24187970091421648,-180.38724564338426,6.428650933355098,0.09826572190314214,0.633151724518578,0.1731926631537884,0.07971375230315161,0.5745956405356727,0.3516041534996749,0.7822934243116877,-0.34077156972979983,-0.6267643124995499,-0.45864213845430296,-0.574677699639272,0.48635241037941324,-165.55193965982676,11.095504880379853,21.15253881544063,0.19538067295708061,0.40286751504831597,0.5810630357172049,0.014879619805729341,1.2899875649101205,0.48069540908576625,0.5949212815407403,0.2255708299547146,0.514244826743943,0.49266918915022556
0.55,-124.78421085317059,62.467922413309964,179.6841429076255,0.024949846071045046,0.7734753305411434,-0.13523909721098037,0.35739925229154457,0.579556529473748,0.10351724845933186,0.6536105257408413,0.5266818683245796,-0.7840345973833718,0.5015185565835523,0.39160844845454146,-129.77138881548476,53.92661043127245,61.332722762500445,0.16836119981341727,0.9252281329912473,-0.07764672477446496,0.6770558436048677,0.3010009603321521,0.6986022453898826,0.4376842949499552,0.31429398146635834,-0.34860204081002966,0.44282372609556764,0.7468306575250285,-180.14323209516286,6.686059263842699,0.26067297217777424,0.608167144399777,-0.1645140588199966,0.1226857259628942,0.5314501394176259,0.1717373228408884,1.086283479492215,-0.33918095711600194,-0.5342336255089678,-0.4976913455779174,-0.5454996541706683,0.43930398752062855,-165.31726114096864,11.02286984810809,21.534596432397453,0.2216713817749256,0.4261369556326645,0.26685640489162404,0.12757849727997925,1.0169324809436884,0.5447782146234063,0.5681574518492388,0.4671864373383774,0.4587037345149184,0.38216269383123874
0.56,-124.6930122487931,63.319587414304316,179.84005417297183,0.3133758587109959,0.6191126760733999,0.10283455575934963,0.27607850388802835,0.34858099930240416,0.5814349462613365,0.42452079908856916,0.5499195803221533,-0.5744862736687494,0.7279637588744025,0.4902640547891661,-129.61014898685943,54.62746319683369,60.814091441705976,0.03058242146299505,0.6551691688362249,-0.20577637400382542,0.6052151721893537,0.04308509940284115,0.861564241874035,0.3388618824001923,0.21567741378903127,-0.21175751258403833,0.37137484998001613,0.5358214231173597,-180.58040897047823,6.464860530713319,0.7648181845016675,0.9856090085192439,-0.04326886088812641,0.33832400690300146,0.7845389750771744,0.32950257892174784,0.8628191425445313,-0.2770702131805318,-0.8303308400295724,-0.5220260903034939,-0.6675739502083333,0.45536877112585633,-164.39499486227274,10.980719401163558,21.314823301127745,0.2915304652217679,0.3385476149271279,1.0782257182222619,0.12408287400412209,0.8905823285620839,0.6966773292176454,0.5247037089578507,0.29318190761076535,0.5947200493881099,0.5191085576593178
0.57,-124.19691803257768,64.17707120329732,179.48928639028023,0.07335359584505731,0.9816148638965742,-0.043036749979340594,0.15906405402512827,0.1169984930343888,0.08845341557583696,0.47447216237289264,0.6778649575455875,-0.48653813953037633,0.2882685872539401,0.7607621396338979,-129.66295127993268,55.65249334826523,60.487524685315044,0.0015848130060821392,0.7904942954937563,0.19719465481740053,0.43830112595914233,0.3332186696126603,0.376948401390906,0.42555575049101424,0.3462880503782134,-0.514836274673338,0.7518834442151421,0.43031185890368473,-181.59919797103532,5.934916470245447,1.3796703974107154,0.5101216324589691,0.2330186680544482,0.4712688511685196,0.6824083614142507,0.7804805228124462,0.4476874898885196,-0.33747275793946274,-0.45996125699985935,-0.6478071762127747,-0.43344671412935437,0.7451178241908047,-163.50623756169858,11.07037968181351,21.475569641600032,0.21958980085165705,0.1954028368483977,0.8822407558211974,-0.0025818104825417187,0.23044508836849967,0.666493833508482,0.5107102862553954,0.3658037570104324,0.5052497402265386,0.44057658551111584
0.58,-124.70262036757217,64.92642268833481,179.34918672334848,0.02374812273322338,0.5464478860520054,0.11655050511071093,0.27091490701895654,-0.050416218293542675,0.14037967767852333,0.446621884964561,0.43702064292733134,-0.6575791479737759,0.4710191659064394,0.5116418939005889,-130.01518560242224,56.84556839081679,59.93795558729898,-0.15718719660125804,0.903663872672959,0.10145624978775927,0.3109171458165452,0.2577645055340212,0.48021742554814295,0.22758258164684061,0.668542777310601,-0.5497749835411405,0.42540558405541684,0.6841061562055992,-181.9520837096208,5.527500079054421,2.047616110031809,0.5247435380806461,0.25231870230460307,0.1999926779721879,0.42457207888442267,0.5468023903552699,0.8073867073460577,-0.34662644594681635,-0.7429832895162686,-0.6273412589368432,-0.5581997985341679,0.167723001705663,-165.7585598204573,8.404144109815158,21.867373789006948,0.8421313400310211,0.2878583699078123,0.6753884067048728,0.7941613273537147,0.10050693345434743,0.9006060438113842,0.5190514730014546,0.6702216063209838,0.6012371750470938,0.5570145430664042
0.59,-124.77350586203235,65.70163460102832,179.24463908024376,-0.18054502581106655,0.7763687606056479,0.24399199267255467,0.6069464192237706,0.15601597072708456,-0.1441551088340099,0.7246172900022849,0.3999212113729905,-0.4541437682967186,0.6431354969370753,0.5933884377650254,-130.04145510528411,57.85364195430258,59.37347283082973,0.25622521819060007,0.938485950794611,0.1440194625542754,0.386187024067291,0.11708402270100488,1.0930115606783835,0.396805131144512,0.2596350037273465,-0.4012153155148551,0.37023250506991356,0.5067100317835485,-182.25049404776917,5.150737324680802,3.1254181566645793,0.6815345499618882,0.5853214073871256,0.4393704346850743,0.009376511638709395,-0.06832522596920516,1.1759051040471606,-0.5448977951306508,-0.6315122597900729,-0.3582737130065746,-0.7595692844792276,0.3778224998376758,-168.19401319425572,4.781278124706586,21.45867821220148,1.2825118404846902,0.3494196815569509,-0.17791157012810674,1.6159537345084152,0.050499707069024735,0.3411603890488998,0.7968269353108107,0.27285158098634027,0.5793684493240709,0.3656842488605115
0.6,-125.01243522764132,66.38513171364698,179.51491157447876,-0.2570953802050447,0.7142716003453091,0.11642123995862819,1.0275774848779384,0.3755367814990356,-0.1567363210157311,0.36256585529231644,0.2968530763209649,-0.45913760998896946,0.550945874966738,0.6601472363630362,-130.369728120919,58.48894899035136,58.984978650534885,-0.395013591506106,1.1551834762869655,0.10814080968257901,0.6172662119494677,-0.13245016659519476,0.8627892175509104,0.343521083939052,0.503692343165775,-0.4738195268179537,0.6060023820075097,0.6241941436921672,-182.18945474669107,5.1000884380337626,3.4310053406565126,0.5434458389185002,0.3560148343054463,0.014431110968202668,0.19556990259081314,0.42757914583589834,0.20245935937014517,-0.3043527366863736,-0.6060931106640931,-0.47607199134038025,-0.5818032248381272,0.5211598678535454,-168.23198326992156,5.646524554286006,23.090211464221817,1.4630720804673392,0.4857700670102392,0.17243328730521557,0.6434836822222246,0.7226122494150542,0.2780623870963092,0.5235411447850264,0.3153860562553804,0.46491156442027004,0.4377285993247335
0.61,-124.61037661630006,67.28514838451355,179.12314507292308,-0.06649222054318961,0.6533920087695579,0.11393656839897234,0.5373125106188222,-0.03851507737815821,0.36720177727676434,0.43192431501934997,0.6003868055327121,-0.5849874255547186,0.7027367595770018,0.754866197028616,-130.44995039275014,59.66382423118072,58.4687558858974,0.1877652175776372,0.7346253107519936,0.11563907139573619,0.38117556357959337,0.03251721808679975,0.7731916577156962,0.33229896779467794,0.17034345010437874,-0.4842520697271978,0.24093437672978868,0.446615778858052,-182.49568011722064,4.888323524456064,4.068413515440287,0.5826182281617371,0.4326286053014212,-0.08261361708485274,0.6217878091946452,0.41195332258785916,0.4847204658611468,-0.4252260237600174,-0.45825350137145315,-0.3318248851781548,-0.5749320295240502,0.5119701828633433,-168.28078932543139,5.99423184824535,24.481970244543007,1.3095103365148268,0.6519178516969296,0.3962769370472524,0.1390774442118191,0.8960551074543617,0.6787852420199136,0.5064701579929961,0.5066836976129497,0.3411845747808364,0.48240038839435445
0.62,-124.46105732132074,67.76053094462836,179.47393866784424,0.008578651363974718,0.6030873655066853,-0.06297402378165062,0.9166794079702422,0.26114808015420937,0.38830471050440485,0.6983269817914762,0.36156560656293635,-0.2515731455273177,0.4905843482458238,0.6194115164310132,-131.02769381300288,60.697637741904884,58.046664385240675,-0.1164337202271057,0.9417240183805238,0.040547920475859825,0.18153552331056289,-0.012267889566811584,-0.01072009132002184,0.49679207729877234,0.6145343578106812,-0.6135918043194362,0.5309741071485692,0.4355604145624623,-182.5696680244914,4.452510701664214,4.698367974951745,0.6891805773773598,0.6974529539260222,0.06266966872719938,0.6615469978233856,0.28168798015779956,0.7183141525588339,-0.6638527540225654,-0.6514110781626654,-0.37145034138861294,-0.3847312626351729,0.5068871245887442,-167.67357262007323,6.728638002721867,26.00245723443049,1.2340258125676833,0.40498866747210693,0.7024964060491319,0.18764442891247896,0.3581278364980679,1.3949846988167087,0.41756581510565904,0.7273269578192572,0.6173340112476403,0.7059125078207209
0.63,-124.54098622993331,68.1497932506935,179.3255207579109,0.1282542895480806,0.6252693434135697,-0.05804588959597026,0.4828977527968239,0.49673176840401634,0.22410956614323502,0.7473551035662516,0.31951603315280275,-0.32133047736388987,0.33054162414804145,0.6644601048925551,-131.04840555165362,61.36464340886958,57.86051333715669,0.008797101568059643,0.9161221713703251,-0.16954825467479415,0.052426407650639606,0.239204490785972,0.4865840397071929,0.36532632045638885,0.4126152611766753,-0.4456148362337873,0.4270771350472685,0.47385806113877227,-182.69173099078492,4.33066669976298,4.804565424311523,0.7214649098789282,0.3587732064666712,0.2932592399289805,0.5406094048477866,0.15943859274904257,0.6344673309726556,-0.46538792632173803,-0.684903285751263,-0.7411174126654407,-0.5349578771483802,0.42260078705316445,-167.53790112621456,6.77632976459641,26.7266383755297,1.269306402053212,0.4843067313350884,0.4358643294047498,0.1949369066704063,0.8273348999943331,0.7220152417987327,0.5783182055789089,0.40301812260559244,0.7564110446108587,0.5684290501009501
0.64,-124.39395381874391,68.25172186688833,179.1842465577117,0.05035158887905403,0.6736189010265672,0.10418383928424504,0.4356446953874533,0.4866372734224061,0.4114997909171091,0.7126538525201452,0.5013492135888148,-0.21983911512817506,0.4736798716117332,0.44174734066103283,-131.30494894111015,62.076677894608906,57.34543414445598,0.07970404459407188,0.8987526257175146,0.04433830556633743,0.03708432132986969,0.5139865870548779,0.8504884319126715,0.5809915008344104,0.39952861838325726,-0.6667996885558227,0.532624968763198,0.3893187408027077,-183.0958506925193,4.144322545860488,4.993056751337829,0.7516790011568156,0.2532158554021184,0.11183302515699316,0.4090710508631215,0.2489761206275929,0.2658046448380987,-0.5644809059746405,-0.4847934198158687,-0.5355938701472389,-0.5935296233898985,0.4371193625737253,-167.68079400944438,6.99886568858317,27.482228099588173,1.210757054973971,0.7404721118765965,0.07669859296451167,0.08740233322364281,1.322461038677779,0.02171241450997255,0.43555085055064235,0.26564392709342804,0.49981368073908916,0.35712705212034346
0.65,-124.63228818443496,69.35514427632553,178.83137530315602,0.059239604621605615,0.6114294467855526,0.11122583447191092,0.3810488678502181,0.11480794511779363,0.6569428077691274,0.5832940575706179,0.5591183230607365,-0.6331170781240292,0.6215868602568684,0.7036767830054506,-131.15452986351664,62.75632758200026,56.98800013348222,0.14055989191464835,1.017510126538953,0.025004383607781698,0.6299706931071819,0.22820174927054862,0.1436543773074515,0.3656373914424044,0.37194630425713054,-0.2789577065631547,0.258237287290105,0.36165295925892443,-182.91357813885855,3.802113644280406,5.740955494700251,0.7678978732198611,0.2704723069078171,0.39920207920983247,1.1702492667111273,0.5933806506844361,0.7828421261878282,-0.48353731111288295,-0.539742713227616,-0.4210295337717772,-0.22582637223996294,0.6136997854461628,-167.5822189239795,7.041604166122752,29.049485548999538,1.6665343052529635,0.2305568077964274,0.29745518520158676,0.6356329715730697,1.5310688284198668,0.2733312017602001,0.5700559142738538,0.47481796209410454,0.5447277519413413,0.5286114850077747
0.66,-124.4634736207492,69.69894067852113,179.09873313384145,0.02020225207838987,0.7135758630230112,-0.014525985008929376,0.6119910906766107,0.17774131508650048,0.04365898742419016,0.45716748004734864,0.409005159939984,-0.5662391485158229,0.526282169271997,0.6459016551971322,-131.4688745383759,63.62893996338533,56.19927995603593,0.03410807543240485,0.8299651412775138,0.1073627122114724,0.8273324399702514,0.1854531154706145,0.2039661628247802,0.4010379796619229,0.4492995339566679,-0.5088082173375214,0.3078682633367501,0.9353986700700947,-183.3863428860766,3.1247630420084227,6.563424054266435,0.6911189333183015,0.4102993607955277,0.04863629609009415,0.8055771088864531,1.3593173150542812,1.4359239461853799,-0.23369422691281763,-0.49391735198558595,-0.5443086125517982,-0.4011615747492878,0.6033858169106994,-167.45832816203313,8.036956212616294,30.73464105820372,1.2894774274847136,0.3166805415375858,0.4356301354695416,1.1081243487653345,2.43369212641603,0.6870512691532873,0.45663225798057877,0.5049241874301673,0.5008041351560467,0.4802474217932533
0.67,-124.58825628914069,70.3291208146958,178.742581411948,0.21639376126657123,0.6428562197197875,0.2563953685828818,0.6652812592470628,0.04245283881536449,-0.03530198765651123,0.43718832555163495,0.30541310045145104,-0.6276555912644014,0.648817439551358,0.5516148173887427,-131.78414609655084,64.50366389394016,55.5089747998562,-0.10626707478777192,0.7339152408813531,0.15225176260309842,0.9433414651811554,0.14515307375860784,0.8490691455970463,0.4092641904889768,0.3697760625054448,-0.39286621822582235,0.31517918468194195,0.2860772314426009,-183.5704537601592,2.887738171808329,7.49056087312799,0.42359587127249343,0.6065826701314088,-0.023242915187316665,0.6828197931364358,-0.007454856235148376,1.1032157739604014,-0.5926772754225145,-0.6084814162371517,-0.6193014740077072,-0.3812775615767542,0.7557242825435159,-167.1561503909502,8.504785432366218,32.090387042985135,1.6378458721276992,0.44765678533272835,0.4234471694497502,0.8050808931775891,1.1105747491172315,0.8657342404289948,0.4093354887335255,0.6271283237591212,0.5225837700157197,0.3428119947777992
0.68,-124.5048537019415,70.69788854794726,178.8997803284592,-0.3036052588768585,0.5976446019158201,-0.06874156344351254,0.6119138419715984,0.05415165278822086,0.09067006889663662,0.34758312467033625,0.6410024059396648,-0.49273184870334613,0.5776058731089686,0.5224321665593198,-131.7041059764233,64.83955351748887,55.602809032940925,-0.05026725630801718,0.9242090575894975,0.344874590027187,0.6684051447201459,0.22802329443586758,0.7393764130492156,0.46315291801743974,0.5936324030591582,-0.489828013676452,0.3419970573050297,0.6983237451770274,-183.6782570808727,2.244486970754277,7.491689172708178,0.6912383373079135,0.5021057482122957,0.06418151348063299,0.33849387106098583,0.7844473213273991,0.9316939147023837,-0.5728500528189561,-0.5261489979457953,-0.15264368063479614,-0.37148459283316837,0.5181252186277528,-166.83511912373763,8.627736992208584,32.75116770064142,1.5207052984002005,0.6468626231850427,0.19194872497631774,0.4545931646157986,0.6603236441963448,0.7519566431316795,0.7690610682462434,0.4223282019193345,0.8813284084508369,0.37414436837987675
0.69,-124.52345638580815,70.91643862242533,178.83810688268608,-0.06757271132237909,0.2362819459184279,-0.15948136809940083,0.6651885806618887,0.015427338520251055,0.21716054344178826,0.33215963900797774,0.5442357348522802,-0.6336748558292284,0.5251870150832211,0.6267919620268123,-132.02351529879118,65.639820978572,55.2671276543749,0.12731771353709215,0.860055495657787,0.18080787616457383,0.35083472228350393,0.39442466627010453,0.5618676289880741,0.5944005858536006,0.36778527223615093,-0.7278934984785922,0.4192341922090867,0.6746882180863281,-183.88962886867245,1.975293455051333,8.10669582377427,0.8084029932620824,0.45440283445327545,0.08365336321232036,0.347279263726049,1.2602459563447916,0.6395857678187978,-0.5378122974011902,-0.5328727753716385,-0.27430261678009904,-0.584080304189328,0.30223036885298904,-167.02774852472623,8.878307710319964,33.225720083962486,1.3943257471291512,0.7223048190387542,0.5778812595562537,0.10631089105027167,0.2724504230574631,0.9874769827003995,1.0004815406255956,0.5735113158136969,0.6865186221003703,0.34505957321972297
0.7,-124.57345761371096,71.36890829170895,178.78166864000485,0.4060349355505274,0.6430673467862817,0.023426704708326918,0.229355986638793,0.4576462056330367,0.7807917373814294,0.4788357516554693,0.44678016464329606,-0.4595659781007921,0.4228235621516713,0.8057584909157122,-132.06249697322843,66.50174441502611,54.50367891525344,-0.16662344838345622,0.7263662685476252,-0.025750700910367734,0.05348103482200509,0.1178432799904747,0.3610317896296382,0.5337777781135625,0.4996122711319977,-0.5602898876529254,0.31857620569084355,0.6143938333679124,-183.99611513830138,1.9621650674233644,8.633830641261344,0.3823592652919942,0.4706062520081923,0.0960150520733119,2.124358151199858,0.753959795537103,0.9064348708735834,-0.6513128982798851,-0.5314431353719672,-0.5550012679199688,-0.3817472857061898,0.36623613806725447,-166.76453091291899,9.443718188655241,34.98112386215674,1.273451461674317,0.4379295658893313,0.3739966963897777,0.0253446921617341,0.9833827597472279,1.2935686679644705,0.455829702591351,0.4469119537463244,0.4113269039526514,0.3530044472849025
0.71,-124.8994788556817,71.95140155753529,178.73926741387987,0.3194107974695255,0.6062476458995311,-0.09017011263912472,0.5994796261715312,0.12679242086533893,0.42770664952498816,0.6159853559405623,0.5910718928830843,-0.40829978974024933,0.5900482679893277,0.60767244080172,-132.46256282068956,67.16168570364162,53.350656399794254,0.20079675279760423,0.7276756412431846,0.11158323321707492,0.5998852059458679,0.41684546987281934,0.3948598913634751,0.46435700501944943,0.6573234794080326,-0.5533804694512489,0.4451126244545628,0.4193201303547991,-184.182766213005,1.293792288439093,9.208870259964467,0.3580032850637749,0.177395680557539,-0.20635002785963902,0.30640090567047934,0.610209954459059,1.1799286455851565,-0.6280045202277262,-0.5939121010005051,-0.2801916475049332,-0.3346319087904285,0.7070890055657213,-166.53638166423275,9.987490961509058,36.890641320720825,1.5979505369671678,0.44573506687765435,0.3848179910192072,2.063426340639099,0.9708373891437629,1.2573330037407389,0.6523686983921979,0.26393074697709706,0.6575058664594695,0.3690101355413827
0.72,-125.38194355996175,72.42375087714203,178.438377065231,-0.015899062762686024,0.6133783017722083,0.15513156381349977,0.8669283298247321,0.1759556651663909,0.3624388623593301,0.36387910191573547,0.6358660809982709,-0.49187539599388225,0.6527794646316528,0.7313167587622711,-132.5313762529134,68.11106492635436,52.714177218423806,-0.03546059297002842,0.6641888628741408,0.1167713313210843,0.21786366525624876,0.4232858556351124,0.04713709498262799,0.669420711809954,0.4132737763946943,-0.4995856656886242,0.45092147668557603,0.6284266544723474,-184.65989833173174,0.9175645721873773,10.097629638386433,0.37862500801331456,0.21363731469138467,0.391907554259748,0.40197150800130693,0.3358024447762452,0.7077406241708953,-0.39682651723380885,-0.6587287133888622,-0.7214271520582808,-0.7668532749705653,0.5930734607205178,-166.04727250928354,10.861147385315938,38.33695261542739,1.1859259295078266,0.3215905828712534,0.34728434941450304,0.8350919972902421,0.7740795318553388,0.5176872174014764,0.5193434614612926,0.7061983565609813,0.3978244455633204,0.5007658990688786
0.73,-125.17000143634307,73.31572825923743,178.2948751609217,0.14179930574551156,0.38684585561428236,0.042705947736058465,0.7522768769847497,0.06509411145026761,0.30126082747348715,0.4161158710622057,0.4553409432925658,-0.6215465173790342,0.7144354843688313,0.7324126734553436,-133.03067856740606,69.12933474659778,52.793308186735196,0.30546549701552167,0.6666004835142293,0.010916010618383265,0.5288043148151689,0.559400051469573,0.2766929059033344,0.5904298778898114,0.5333387544977579,-0.6757334792075358,0.6934832124044109,0.6704264408799087,-184.98919995591203,0.5477584053621933,11.153282566944412,0.878404757181833,0.5475414219300884,0.5653166096200892,0.642039134301323,0.4409492502140325,0.4657410430252222,-0.3196528494650872,-0.43566541264502445,-0.5814288852713023,-0.2050250835764751,0.8558017997512652,-166.1801695488755,11.208529828743075,39.89845918716061,1.4887832544886757,0.3506938604531062,0.505842923917629,0.9264337620304838,0.8654992263257351,0.9006936512250595,0.6692478910720489,0.4285046292739809,0.4620560615264173,0.3484860805909378
0.74,-125.48024036704594,73.6489992082609,178.3024231936655,0.007197747447558744,0.35094505446221036,-0.00977485283644558,0.43098929400894814,0.21206104559159003,0.764576613544532,0.766283838174194,0.5108994091474977,-0.5091436725491025,0.7302656725455269,0.4342912461973676,-133.3369418876324,69.70284461755848,51.380546163728816,0.0658647270924594,0.9480310876057438,0.18247894097706585,1.0760921292047751,0.08808929132297949,0.09261422954489527,0.3130001100947563,0.5052990897388235,-0.3378522500319051,0.5545035956127734,0.6666242093450276,-185.5878576500262,0.3526516029702845,12.027415179187175,0.8202710903551667,0.9290090289876726,0.6777494275715674,0.33928129521725847,0.18418947674409886,0.3316901443396166,-0.3720810055614067,-0.6389799270420585,-0.38023270356808647,-0.6037388785359206,0.6119447639024619,-165.34745752113446,11.421511654414962,41.25166427126613,1.351560727344036,0.5755570554120275,0.38971332964254385,0.6235872797390081,-0.16498516840912839,0.7897189416804755,0.7386744912134613,0.3110696660357537,0.618855410351443,0.3901160470742006
0.75,-125.4142567563227,73.78500686948757,178.10917878903612,0.05325059416748445,0.3028889523362085,0.15229489353166847,0.3816972683653434,0.1269683099838686,0.9025324870336824,0.5983683347326355,0.40749890060418426,-0.46886336403132217,0.43764327848809603,0.7566115008262815,-133.76516930218148,70.99608151996459,50.48228970900679,0.13818296375878272,0.587919819359991,0.04130901607213655,0.25919323931148375,-0.046443752971112556,0.881912707527035,0.682676868103206,0.553987285694077,-0.25778599946906,0.4176334042433223,0.7452098138206682,-186.03353801573917,0.46510158388741785,12.53140095274859,0.6846118158368452,0.3764777024805286,0.05722865153203198,0.6929457007462995,0.688904825746021,0.28740282215908153,-0.5276070062286814,-0.565299576332641,-0.5541498191824036,-0.4160536214480022,0.8597668384992394,-165.78718159882553,12.020434741365413,42.89482478453362,1.0028624476261434,0.34160741479887,0.5257764298149825,1.3005717455647918,0.6289330297751226,0.04361103310081641,0.6009012137603763,0.34385905107153886,0.5508132710126014,0.38131242096736384
0.76,-125.52485215885622,74.63170380193358,177.66621814718033,-0.0021507659930435213,0.2426636749154934,0.2779917428437076,0.3395584521394803,0.04268796201966951,0.17441787293136196,0.6157959956746841,0.7213318183086599,-0.3082437634663392,0.38346298450454785,0.7671583093174437,-133.6841391206218,71.46394895816525,50.113303354508965,0.0627676741059423,0.5086557362035268,-0.24382290062471862,0.08312810834093673,0.41311819791697957,0.42943991081386174,0.6699028336449439,0.6688866559339128,-0.7451754947148225,0.7260505429622656,0.47573201449931524,-186.2886399891406,0.48233719242003287,13.462955613361327,0.39592289364178257,0.16203245265153046,0.42460254361063204,0.7369995899638575,2.258057221107162,0.27598220456067907,-0.4424745938737595,-0.8004189203645131,-0.29352978289598375,-0.526056753763934,0.7037212709698693,-165.6932906016944,12.46397945246287,44.18575425250373,1.2305768226919338,0.6853913281613403,0.6160912629674717,0.7987150837919881,1.1196068745541299,0.4914432139605681,0.5334273671955819,0.42845534198973634,0.8027232854550782,0.5465479779816754
0.77,-125.88473328754013,74.81345381177724,177.10311820276002,0.08286275149667824,0.2310347626989973,-0.1690116861382912,0.043872490780901816,0.15235534130850167,-0.06402730711665551,0.3792888547747486,0.4421570787307249,-0.5528765903264946,0.4332333359430247,0.4445949863008602,-134.30227607027496,72.09971287130462,49.28941117929749,0.21723761117252388,0.8131994651959236,0.10232586846046622,-0.21965792989303753,0.06158120877843164,0.16930653261557327,0.2959934039996907,0.4549843486714834,-0.6806128510791781,0.4175348986643038,0.7901149294139941,-186.7314407089149,0.9795720229998238,14.042815163975602,0.9331134351294544,0.7193068319150894,0.7178135778559663,0.28031426100068213,0.2644192464106025,0.13468622241934392,-0.555691434591335,-0.49057049292341576,-0.5152733638044297,-0.5043831729431986,0.7410652268222436,-165.73360723518337,12.872591081437784,45.9293448840945,1.3182056793319414,0.6764528195013322,0.4618226662148438,0.11491752945150643,1.240053261750077,1.351322653924517,0.398692224408299,0.04743936580275411,0.4744000246273161,0.44474222853143425
0.78,-126.48338960286384,75.14269314775088,176.90867419955254,0.14554715941738317,0.40530070630187004,-0.02822443251888653,0.40809653251322464,0.2850337387515714,0.4386858061203983,0.5809605769524864,0.368159837159126,-0.7597524983198741,0.35524049177857353,0.8013587487782844,-134.41796161859511,73.07359487559663,48.141608008221205,0.21344571438691684,0.698455309000042,0.18065613598929506,0.04801050932121552,0.03563516522234077,0.5359612017622681,0.2853853361994796,0.6131251374562452,-0.38177124467132456,0.4405268410030987,0.7081634206866118,-187.76045376002256,1.4508126523058362,15.178822546184234,0.8996176126628733,0.919817606294726,0.8548155619117924,0.8193177808484903,1.391195792718735,0.2610437281760398,-0.48442862321210506,-0.4560138397708316,-0.8172245148003661,-0.6852042900840398,0.5451582625852835,-165.92917421430843,13.31266795713939,47.20231821144518,1.2242567262390034,0.46492797033597505,0.003926899352954219,1.3920692322722734,0.09786532149117518,1.6721339016993273,0.42658952440801295,0.6117185391069306,0.719638172409631,0.16471195732817134
0.79,-126.60844499987498,75.51440709598033,176.17339721686574,0.16796123439233765,0.27654261608190983,0.27276355794286233,0.18598543080526897,0.3671348729977504,0.471688444042742,0.4527716424495648,0.6399226468878624,-0.34343855549120866,0.6910761080855663,0.6268099888938671,-134.6505914273151,73.80043745107253,47.05157423884696,0.2795914726241251,0.4919329662958419,-0.37061222291490403,0.12439927591652364,0.2847796584379758,0.6382358489702429,0.2902601648313528,0.5144936749047546,-0.22802650736485605,0.3263418207979836,0.6673094164924288,-188.97636840840977,1.9390437667001792,15.679943366226821,0.7635543794491604,0.42708727837217497,0.6495448923612528,0.7069960275864111,0.3374715908308966,0.5052502547841703,-0.6370151828186628,-0.39948836567793883,-0.6988197715939841,-0.3464643532340891,0.7406307053894735,-165.82553145034296,13.92778386049355,48.831626511325204,1.43122212120804,0.7052761635622885,0.43702915417162136,2.003933988703678,1.4765465462045713,1.210032992927693,0.4792316223557935,0.2880235283822326,0.7045076358375135,0.29208972489195856
0.8,-126.85628543203893,75.44186422862735,175.69621264675902,0.23410325139295202,0.3369793462586566,0.05143447821014559,0.4124585822130419,0.27336964484598764,1.0112172779545041,0.542698200885874,0.6237748133075799,-0.3185652809543561,0.30655561724838715,0.8618741314896128,-134.8328563747473,74.72664679667292,45.91069866368283,-0.11904489005750196,0.7035643263514637,0.01868455353554306,0.6425149373941729,0.3785381871433721,0.2865933541875798,0.6947065924077316,0.39497352169462474,-0.3689945753447334,0.43972678486963085,0.7834634715154983,-188.99571555480745,2.324395493129782,16.683897293943673,0.8650451482297477,0.47771189374794565,0.19837979089983745,0.4337751065739878,0.7577909516181419,-0.24085875118410838,-0.6452024136428866,-0.37251600028570275,-0.2503722746093717,-0.6786374979090332,0.6848420516952541,-165.72414440235443,14.395460911790154,50.292798135600464,1.1839494867223992,0.5042428692573437,0.43109455216956727,1.4377810355399099,0.8494224003193752,0.5973262739400368,0.47419463788013316,0.44327688578389646,0.39440841813714056,0.07917290681021674
0.81,-126.93602211485788,75.74767598758655,175.32112241461897,0.1282109175433362,0.2237963929495408,-0.05903277985628336,0.23937012982852793,0.3095646982202117,0.8231754220692582,0.5506105386137207,0.41243479493310314,-0.538700209713882,0.7189498066734685,0.8938217521743074,-135.17565007171044,74.85756864813945,45.346757992308454,0.13390320975856818,0.7898723688737811,-0.19731342483939474,0.7169442786188907,0.19001809216027002,-0.0030024252742408344,0.6027252890509704,0.5227457991286244,-0.48693444092487154,0.30491734345181654,0.7701211703269422,-189.2776363925401,2.3933321557512683,16.791723384407184,0.4312439369126825,0.33298583100292584,0.5988795594436184,0.43001375014289256,0.5296283317214805,0.3352712552137296,-0.7580474532436681,-0.45604575211692616,-0.44407335229204503,-0.49211043264009335,0.5755287734436064,-165.90468377390008,14.518618612040202,51.41030995980808,1.0187930475295286,0.718079079245031,0.40634739576640533,0.6650187924031854,0.7650360826009639,1.6589997708459907,0.4918619275249041,0.26297420255418386,0.5832644710418687,0.26252282356068485
0.82,-126.88646791769047,75.84932405259788,175.3915944051832,-0.05726589767149668,0.06503365886897182,-0.11500771599181606,0.5384887096738595,0.1986021555851874,0.3388173826782196,0.710747868351401,0.9021719472997274,-0.5305787053487067,0.8548792266335246,0.7795962687291951,-135.16475834983268,75.08176110582767,44.70026472328333,0.14034073306772774,0.9483399723700721,0.05862908868963819,0.702739222105509,0.10078296568265549,0.03942021454381888,0.7316510405763559,0.3285220373747136,-0.442576534448583,0.3723845005874884,0.5783930527739151,-189.75784655378297,2.629952086517117,17.015017027758553,0.656215860607081,0.5793161827553308,0.3628938658710723,0.760790381310642,0.3720093963037798,0.7828821634571395,-0.5834373524670754,-0.5720262408979704,-0.5546085606584013,-0.44889180075650825,0.6488621544234139,-165.7907365598377,14.765914872159732,52.25630936834846,1.1498541128846234,0.43553928128873187,0.2970601198345616,0.13162213675248408,0.8681421525901989,2.431381765008627,0.8350424704494228,0.49557635384380433,0.6499854361763338,0.18601631750644582
0.83,-127.44364586287871,76.1342712151912,174.66488352782608,0.20068786997608193,0.5571058981845534,0.013704729315456174,0.4715153273911713,0.12699655109215882,0.1740722225294018,0.5370989655818571,0.632190777758371,-0.24841508499021975,0.3214685599251723,0.7364231635084817,-135.7370614091785,75.89157768967483,43.22794333890421,0.05103564697517204,0.62924555106508,0.16958939441163842,0.7402697694729722,0.10142658084006262,0.11559508229511518,0.4800250200064618,0.513821192049936,-0.41622999293126617,0.16572256910702762,0.7296157042128516,-190.18616051949277,3.0903726264239597,17.861019132234556,0.6747119733162316,0.36591950006900836,0.17325618223007944,-0.10531355382049051,0.18415624937816297,0.7412572466709249,-0.39361497179472654,-0.6070137528617459,-0.4532523885431753,-0.45390802417565873,0.6687333845511103,-165.41526545578625,15.366879537819372,53.74700390035648,1.2366187932644717,0.6155805501768915,0.5147513035186599,1.138645311975432,2.096306309552333,1.6877316866122363,0.4802849081068196,0.32764735549844565,0.6034538408068209,0.1741637712047075
0.84,-127.62277804593877,76.40181139279834,174.29897207772134,0.008325890739126596,0.28549976299055013,-0.17255599172374175,0.4555179809022995,0.21085294055364806,0.18824656218509572,0.3675146311418801,0.3987308196827023,-0.24074146511864442,0.6177002337382316,0.7795254774595672,-135.90362828237966,76.27420855966312,42.69260809195223,-0.015919922099919603,0.8335266032049292,0.055790775914518524,0.32959397282464786,0.21659373633581852,0.19360312927580953,0.5701171589687362,0.8112785502301757,-0.4617878531823688,0.34753801652493427,0.7798428153082662,-190.542061678061,3.3382470776153026,18.265511758631387,0.6577808193701764,0.4875503694915688,0.21193189338906393,0.4358813402053089,0.6845556193256073,0.5316862912954944,-0.5221552920313006,-0.4439511141361733,-0.4656960459347257,-0.3881862239105178,0.7682317414257279,-165.45321283213195,15.598445122829645,54.107878851116524,1.1988393757043265,0.6431649608419436,0.7555927109502363,0.9187133356335784,1.7041903863513748,1.1087777199562798,0.6540560278929786,0.3466862790331735,0.5032820547511269,0.2809078962438475
0.85,-127.50896830245357,76.54500391847766,174.13315964788316,0.22768879344033377,0.3483957855498684,-0.3881223556825287,0.18718323493213024,0.4595865565880777,0.1961481846371502,0.3996121101869856,0.2610899940922743,-0.3633214538088731,0.39631595774098805,0.7956310974670184,-136.0892452941276,76.59560040127643,42.12010095541258,-0.11201640220080959,0.5709443265316438,-0.04111822211626111,0.16492257829152907,0.42641591201233503,0.19919836875715916,0.8251396284535588,0.3778605502020194,-0.2991485296763372,0.5149465966323827,0.8292684164046923,-190.5599483871124,3.547073326509609,18.5804673979484,0.8871276420284641,0.4427255939839354,0.030846023011324747,0.41020322814023114,0.577898383328568,0.447793499172162,-0.6643563691731347,-0.5117641738265548,-0.24439770094162203,-0.5488011699164597,0.799036225284536,-165.2584353006528,16.14380740215996,54.694633460724795,1.144941102189442,0.3947008087186644,0.7403856473568501,0.5217297804897538,1.3073849462435498,0.7999236503329554,0.7922727856621107,0.582334679155812,0.6424155297109632,0.3653544158531587
0.86,-127.7358038990925,76.72042662362385,173.42109809099742,0.3590841682143415,0.200063328163873,0.03269947301160406,0.11830756188784096,0.2002235964680917,1.0100952936069814,0.4067076825064355,0.5440597928991446,-0.49451691289596117,0.23786669514338424,1.0101709143766469,-136.34017692653367,77.30305181959426,40.67766584051148,0.15457565609838508,0.835659820074643,0.13254346074001308,0.21050589709480733,0.49464600746341336,0.41975578874672925,0.25401134564695904,0.24057890543344754,-0.3772201842730828,0.3197907678320866,0.8497084603143664,-191.09536943283734,3.759464305203391,19.58352923212266,0.8721676311572432,0.25424536027547373,0.40615512753397026,0.625162891468202,0.9146163574221111,0.32632924148052217,-0.7495477263474937,-0.730275109795936,-0.34777168141581377,-0.32383405421653544,0.48369974226867896,-165.04305606296757,16.31067664871376,56.02902024662645,1.1553639831688336,0.3669418330876924,0.5149698607958971,0.5833443999528273,0.12265144449553483,0.14570116038312636,0.6686418098890365,0.34354272962775523,0.5803677570341542,0.051802925185088444
0.87,-128.35388652770456,77.32673847836456,172.8452173092058,0.21143516056709644,0.40887815872275024,0.06071738536674125,0.5517207871429327,0.9709769132269329,1.362396396576815,0.4972690009189539,0.5877956804092239,-0.5448976460235879,0.4357322187749454,0.8918473145264538,-136.61766381124656,78.02673440304912,38.415060260150334,0.30685585463584975,0.7623320774523334,0.1737245273936681,0.7377509059767193,0.21089704124383737,0.11502941629187788,0.3263044345696587,0.6913224865062914,-0.4737260596949606,0.8646588354867555,0.7471518130843923,-191.38670153250754,4.392175044482688,20.490759132807124,0.5707461278734638,0.6862950547008377,0.1541733769415865,0.39515601540650236,0.8071176905243852,0.4286787701778727,-0.536191409884173,-0.2996742403966586,-0.6642558853649265,-0.7826098697655123,0.8314543525644523,-164.97322966922786,16.64796210885336,57.45975152833686,1.2169119512970008,0.5538858748108191,0.4242796504451739,1.83611840638022,0.23768029875199156,0.31498864390487324,0.4127954843807315,0.15660545777655815,0.5329779755023072,0.30091634317653765
0.88,-128.6296781266603,77.51403350606262,171.97473091267736,0.17104803469118682,0.21246201338071882,0.18400019898512335,0.389956159034844,0.45972695506115346,-0.14875351507004617,0.711671461000864,0.5520844015923653,-0.1041799769405288,0.36727763849014683,0.9135413550396433,-136.49157565695077,78.10729598936346,37.62124870906649,0.034896811276222794,0.7085776654282938,-0.03185630180783437,0.6760241459602145,-0.05801142519664711,0.5778953209756358,0.3464838660185162,0.6827880626903622,-0.23925791539977956,0.12910425004844459,0.6901627003824209,-191.87100943084616,4.548507920049732,21.455422640701027,0.8657471850823693,0.41436763055793396,0.7312364749337106,1.1973654124495434,0.0010031147762145087,0.8116131688917064,-0.41314239552539733,-0.28842429218082194,-0.5126661803482527,-0.2932922401637363,0.9257155621723682,-165.21334285035942,17.34733558492281,59.25013221169236,1.145750544209181,0.42174123077258613,0.3477403055747823,0.38766471749978676,1.075510099057283,0.7285053487629667,0.8220450438728262,0.23891754189981798,0.7855586348612995,0.31350393967689943
0.89,-128.95854923433646,77.60734007782793,171.18353753164794,0.34023084487422284,0.06800161262745757,-0.03204777097428946,-0.03339615253909614,0.003198464636322368,0.13732045887100872,0.6765382484311022,0.7296948223584164,-0.5573748152455333,0.18795627526080766,0.8981694059820269,-136.86226273228203,78.32981256911302,36.35657651275928,0.1184520864223777,0.6237145372828458,-0.03343727450428717,0.05408730217942198,0.33540070851114634,0.14391978483043627,0.4178826312473557,0.567263271008401,-0.23277806549133923,0.3514306973205003,0.655525346376937,-192.67675758741814,4.924925752835625,22.529446593788645,0.8284637162076445,0.2643826103660458,0.5212339575650959,0.6528660116979186,0.5402808303989571,0.1916975555053878,-0.6295173757469505,-0.6688010811496414,-0.34009188945405394,-0.5022355314086409,0.800360176909138,-164.83213645704546,17.807212219897902,60.04536068596661,0.8693723578229233,0.7034230954485756,0.671101653030781,1.5805978854947098,0.35023721223201937,1.2400938830890886,0.5526939343095242,0.1657154553164693,0.8044058084957489,0.09469641154495521
0.9,-129.20327314140488,77.60103123503397,171.1698254132126,0.10372291072392452,0.12661747588889533,0.14281941398078246,0.13679738728675167,0.18203465114131473,0.2153548277314333,0.47526590541873404,0.689485498934854,-0.5054154372335526,0.37659790274037896,0.8371142721865881,-137.36648422727086,79.14523875917332,34.89012825503796,0.221164092746502,0.3496790967541439,0.10649570206579442,0.00708473885055616,0.34124468133140534,0.7529736111731046,0.622803809369114,0.6332279683042368,-0.06009167816059571,0.2579479638369174,1.1081715416226503,-193.6750048800816,5.2889512247044745,23.609780645541097,0.8999538157877285,0.47721953525589644,0.34082246542070255,0.5415402868168162,0.6566886232908705,-0.12202629002767608,-0.6948985004089738,-0.7144552412852131,-0.4403896498453019,-0.32300049533480946,0.8690838316318221,-165.26086637956504,18.117644863289954,61.70717207646288,0.9762564151297026,0.7773281864999645,0.571326973767351,1.7348554837497818,0.25477602486006534,1.308189276420465,0.5062308832985948,0.245636053143766,0.6111350614355681,0.4004822514886214
0.91,-129.31210544094455,77.86593739636973,170.6074018576715,0.13309678855940876,0.16861135592415621,0.15779596949343178,0.19022135878707264,0.16159325216797085,0.6407175917451967,0.441398046381934,0.6517022554300826,-0.01425404557590712,0.6617694711120108,0.9873213183417014,-137.33226277337528,79.62236717025739,32.82220451450372,0.11938135870810791,0.46765671983499446,0.13950432629091902,0.25465228634251447,0.435552079032674,0.5071750146250193,0.519906489616269,0.552495049734151,-0.43173158443502296,0.48017613404435,0.9357917197262389,-194.0321469943396,5.4030552064827075,24.07547805710807,0.6081877160135054,0.1232773394712551,0.19014176312340425,0.4273793492601782,1.0663916051045554,0.9390314990267626,-0.8411189226814012,-0.26225747980742464,-0.2925065102122473,-0.565722629778626,0.8327819024652927,-165.067882103413,18.764365792945668,62.790718171577986,0.926235142812973,0.5515665232487528,0.3342601160814506,0.1346628693205591,1.331745726318951,0.33945896163295675,0.6768277063858269,0.26948687250389064,0.8186192155253909,0.29310784991393424
0.92,-129.50271576077884,77.97414470597894,170.66925735251218,0.03971515386361915,-0.03620144598845046,0.032338829015394,0.003128004808764559,0.661623013927902,0.6602885376075562,0.4177419459368389,0.4904623746710921,-0.4321503263854626,0.5938351810046361,0.9665231068595314,-137.17102341320475,79.99264345355995,30.45684538248687,-0.04970226559401632,0.5432590568061063,0.1788049132891334,-0.059376510469369065,0.5545140946871201,0.5752329375792538,0.6386161866239362,0.34577511344459616,-0.24685622926415363,0.5786534172939448,0.7133065948964188,-194.80831546792635,5.613122668971089,24.934550812423794,0.771503195060698,0.2460051903743305,0.14217170540518786,0.8496098184298622,0.8976601362929544,0.3056223867167457,-0.5422865403056518,-0.3551597803890024,-0.4900869949324904,-0.2965643329146119,0.867537097789927,-164.46082545468386,19.31827369483371,64.07803153901303,0.9052843124210317,0.5624228701494552,0.7029112013517708,1.0587675000634198,1.7345048297767973,0.12899546699179554,0.5823090154539786,0.41882921386076355,0.9544619625519365,0.2882327114080681
0.93,-130.01525281087152,77.93824677134269,169.6753654434355,0.3377569687802733,0.11818761105770659,-0.01705495005344814,0.09514844915452733,0.8640948090210545,0.5870810041994939,0.5244408869680472,0.40622026874390593,-0.42605478030081484,0.5735093147315357,0.9977269580224469,-137.55089368079243,80.20170081885105,28.24916049785563,0.20039084553333103,0.49291536548351783,-0.03694988108680381,-0.0779410988579688,1.023708477305557,0.4597157404550587,0.6771121806527904,0.6899798073646606,-0.4106788657197522,0.2662959344083467,0.723008717800655,-195.31334513740444,6.397714863111383,25.994215960485164,0.5597020126812661,0.5243589602419176,0.23616508738207698,1.1132572312835556,0.40810053433973037,0.7512150751850528,-0.583322851726343,-0.3870486195553569,-0.6381809997733706,-0.23651282146588096,0.858733494739968,-164.66702267603122,19.531865825283205,65.55263443050644,1.3093213958446537,0.5422027711395546,0.5319659006156949,0.39866509557691965,1.0986528269564257,2.5681191290636223,0.3833171340405291,0.48584451940605544,0.8847427851989196,0.06544963573252771
0.94,-130.26160269422186,78.16799463254408,169.20102323765698,0.14084018945308932,-0.041209210944657265,0.014693038465724013,0.18897790862142225,0.5972397874748726,0.34602055197096776,0.4633809098488756,0.448906579174835,-0.6778328397580247,0.3454256100957466,1.0737458743214785,-137.58043275815217,80.52166266413352,25.49721242348874,0.02462762511239248,0.6861031259250513,-0.04849204316402872,-0.0030344926031877495,1.5178715482089937,0.32820800105110864,0.7014623439458778,0.6966018162054817,-0.40453906422532465,0.41915756657267844,1.253894209128775,-195.62910757792596,6.735147108506988,27.28676823295305,0.7149238788060271,0.9074173496293815,0.5769921744493383,0.7413717080739725,0.7531173161015307,1.016032280895814,-0.5475961906913399,-0.38911400490481485,-0.46684326304239593,-0.3112713045903429,0.5320612658718968,-163.54118435243598,20.198400545676634,67.19898919514537,1.166247276871361,0.559074197749981,0.8081761301796766,1.8962672866595713,0.12481764116143174,1.8937419705532452,0.7984041614609838,0.28298574452753017,0.7170535868847386,0.1455716940163334
0.95,-130.17837000577617,78.52715219989496,169.07296452314012,0.11029173290687877,0.05083540375777594,0.18075588107558632,0.5033444445267388,0.33313774467383045,0.5539316651939914,0.4029496586476144,0.46060309843348646,-0.6171039231730845,0.6250902409744807,1.107471439723622,-137.68115118119778,80.6025474728362,25.37552225365971,0.12652342612591172,0.3020936384211927,0.14951688160165863,0.24946257618633585,1.3104314222932305,0.5534535195946557,0.6793053726212888,0.7749140230170758,-0.5821444182261062,0.30141921195973687,1.0263925985955227,-196.20506695957448,7.025157863576769,27.652104869262224,0.9958456152824543,0.7325876513749761,0.379011505006346,0.5070315602158051,0.6375462001192709,1.11766550586251,-0.6158690245565366,-0.26170215604765107,-0.6652629179039364,-0.2894181359061314,0.5216209157451542,-163.45052037382,20.397597818515187,68.0928940422307,1.3361640503001584,0.47611027499703595,1.0128009147913282,1.7687539568114254,0.16554885008573636,1.4701285711348309,0.4414951520373454,0.21808962123615724,0.7809728393851121,0.15207509637953331
0.96,-130.31935063693433,78.18473997369372,168.98519737624085,0.20421811716186308,0.2893016826897328,0.11391441444054658,0.365343936941625,-0.12297331271332726,0.5069454208337565,0.855182586336788,0.30591487216545427,-0.48469849326912245,0.33644933077168243,0.7537693350228482,-137.51364753709868,80.97687086783645,25.679214168839053,-0.011752180804795065,0.4790347817271665,-0.0382855714470804,-0.16537453506136002,0.7705240116475673,0.9678993515869032,0.7372480140818787,0.7547306509546532,-0.2613954842075947,0.5052589532489447,0.770329849618046,-196.7480777009983,7.370311103999575,28.401219025750688,1.0217560438513924,1.0620009006119253,0.4742229662522883,0.34542357791319334,0.36968288873010346,1.2160311183734773,-0.8609089933657044,-0.7117640150060478,-0.5644658494802397,-0.5672548397659384,0.9307682765614347,-163.08447149593226,20.529241201199817,68.95531162839322,1.203549632689865,0.4579677050437466,0.6926866295284576,1.4572703528784776,0.47092096775944553,1.438234603489271,0.752669814910595,0.29772659003248,0.4299290601062242,0.15838910893649663
0.97,-130.58876085999603,78.7020776017295,168.29791274755183,-0.1752253192551988,0.20618817837958064,0.05765114837830665,0.5749183864408457,-0.06742723772299179,0.7741949102534349,0.6843097611189266,0.9254484789542867,-0.5496491635766785,0.4052310069384394,0.5684714480845101,-137.56097992784223,81.03256184633656,25.649485226360113,0.1584189644812107,0.49958486580934425,0.0640662741115374,0.11130624088561916,0.4647431968224486,1.4191142027333377,0.3951941349010845,0.6417042715286487,-0.5313820126742019,0.3419450223672029,1.0232722852646865,-196.95074875017244,8.188953964595996,29.42189841984622,1.1098264716409083,0.5326960719302699,0.5426515001064458,1.1225741126528426,0.36531286015431386,0.8751995249456923,-0.6796435908856624,-0.3579774910514832,-0.5888662551767808,-0.5538791848621499,0.9727364489134742,-162.70653359915553,20.91707263228723,70.62615493595848,1.3579485972441003,0.6717806985753333,0.5749570280603663,0.9664123651128803,0.9422448388110412,0.9674147625955858,0.5792036426810414,0.7008136611496754,0.5184963234028727,0.14276760618852471
0.98,-130.74352786156715,78.92455045815717,168.0866303422534,0.0174516120599267,0.10852317161317218,0.32486149458026586,0.8196055866446252,0.004511514209286943,1.0072166394517532,0.5224195271209789,0.7678602457267829,-0.2978345996763504,0.646842131426021,0.9513836460530334,-137.74700950054643,81.28885688651766,21.96017422942421,0.12206313920471283,0.29466796231257253,-0.1740562306264424,0.14388263378363614,0.19112470442422294,0.03898066803770203,0.32780082798233995,0.4166746045784479,-0.40177963044164633,0.24153960305043215,0.8523574194893673,-197.21803551785746,8.555540214006067,30.964653414294897,0.7873272402817078,0.8262988149971108,0.14668023789889095,1.522939353558662,0.3455982370561017,0.5211075182065545,-0.6685302392247165,-0.4380894761920314,-0.6327371256594702,-0.547301558878909,0.962394534281202,-161.89603316540524,21.71594947078147,71.71029280740456,0.8568200892420178,0.18501169590109787,0.6089676962268269,0.24954202078376048,0.3802995275337445,1.1660381676810296,0.7467414090460016,0.43263650499942813,0.5841768257662983,0.1310927413451339
0.99,-130.9095500729777,79.09384739803221,167.78461256747184,-0.22620929565747694,0.2253833113578062,-0.2661290231781104,-0.21146534288460783,0.2628548419292553,0.9631395864520703,0.29770073674099756,0.6756340457285873,-0.26920137437434,0.1650559896905317,1.0470875945780143,-137.72246903275942,81.67114247529712,18.28786795811801,-0.12699396867872925,0.2660610158071036,0.32379744666957655,0.5615177436619442,0.7684030937678124,0.08263769798570324,0.5729291471994362,0.9366053854229863,-0.45930786032153853,0.02669703639116927,1.1469043412004694,-197.62890536378637,9.4248565416338,31.935424136704036,1.176565039043523,0.8240640535671852,0.19007643695895515,0.6460418438327608,0.7016544098737704,1.0255686398289665,-0.6959378346757742,-0.39873732078811486,-0.5114661576899493,-0.2634477535035077,0.7582138966405556,-161.58067311903326,21.653359597561487,72.5323068578608,0.9389883943086869,0.035133588090947784,0.8586204616564468,1.58002096696955,-0.1031186466488355,0.3740579183452861,0.8550601520648572,0.4388470932372143,1.0433943842432054,0.42463646158396384
1.0,-131.01820778365988,79.06672436201612,167.64182508857652,-0.33967675953660365,0.08323021227853813,-0.08742289333274238,0.16349578832340872,-0.0037002068611405314,0.045581326758721556,0.7072209352844904,0.352991129347648,-0.5542125909580328,0.4387888959972294,0.7215515665606366,-137.55976587966157,81.9781865636305,15.445448741835463,-0.06136225968609622,0.5161282735104934,0.09976845906522137,0.8490439262493394,0.5061145538409367,0.4801323588046914,0.6602940843995165,0.3835966213195119,-0.21538425924242416,0.3179000478894186,1.031262385573157,-197.78030198418705,10.533242605875632,33.32566081700723,1.0224190570403275,0.9927602987245048,-0.1072380344814666,0.8822021177818554,0.7050263479447778,0.4069157306026002,-0.28633833586604196,-0.49371192359835575,-0.4269679553144725,-0.5258630704983426,0.9204912318503308,-160.07435502388876,22.413528526602825,73.93507909982691,0.7496245648918285,0.23608055649601947,1.1083589839243193,1.1640303600518727,1.9266047876819306,0.7376146105176019,0.6192624294124953,0.07460996133919173,0.6331844996701305,0.03130584295278181
1.01,-131.0804915417248,79.50753843618301,167.25346355202706,0.07508111204646445,0.1696601696114618,-0.14408104869008614,0.2990478117900712,-0.3004840195259004,0.26311849376881813,0.5148171899524843,0.7266228899113593,-0.2188630018455176,0.4105885393387263,1.0031650679356796,-137.55919497209635,81.8559506105497,12.136567350128235,0.20816882932587538,0.24944002159329232,0.06352129746954446,0.5468926397697077,0.13839354832543574,0.37389647338614096,0.6057751930513195,0.48675540529250144,-0.10886636814607795,0.33699962565872355,1.0334348861618836,-197.68541332390512,11.15406029415933,34.25342970774499,0.9125774076142475,0.7475614145138169,0.5268666303988219,1.5944165167948288,0.6328164727172304,1.5812842284787547,-0.572325188525935,-0.6541901596297065,-0.5149947336259421,-0.5792522136306724,0.9200722641490366,-158.44253327403243,23.592770723432707,74.90874225913416,0.6958900665346175,0.09179561703799234,0.31944880952651655,1.2533542972173224,0.2642722965796142,1.5447289853345665,0.6330499847488318,0.1760465405732825,0.9378802849391397,0.1581440216603318
1.02,-130.7311362386236,79.42782593046012,166.96190720149207,-0.0010698115248209683,0.0685159184210782,-0.10300926203334368,0.47835891821580645,-0.32594241909291416,0.3679987201819825,0.49319868031580755,0.5208365754525399,-0.3316327735442269,0.3067432847671341,1.0117244436273691,-137.37924042514385,82.25902461291136,8.645284001632644,0.10316030689224719,0.30728322591647517,0.11015676215231104,0.008714569249825235,0.11488162315037641,0.15438182176473175,0.5580347015433853,0.5726860038145711,-0.13650888452615118,0.10850291015168616,1.1133537402530338,-196.92704005843402,12.339662200466126,35.310266326246,1.101389480903894,0.6748709774827398,0.6696074791758402,-0.02279128054832652,1.8280027870715962,0.01109754660405319,-0.7553878040506661,-0.37317869998789,-0.5212102075129748,-0.4051140083664367,1.1374520854221386,-157.71373939560175,24.291054753764243,75.72031033430217,0.632237852570578,0.10940072785610747,0.5955248153110765,0.2831027114493425,0.3056449722050756,0.11699110580797004,0.51036459317879,0.00034553528076545006,0.8485772711341966,0.25071097432780165
1.03,-130.67030191753074,79.91851483163917,166.44731853078957,0.3744503902080084,0.32287221863923343,-0.0364473304201248,0.2912064729769744,0.34914315577013644,1.3222723963976792,0.7475279466419844,0.4200899016368006,-0.43081656280266656,0.35152116870825506,0.6781296755585661,-137.38097747644616,82.37466037331174,5.964415422457539,0.16809820440448214,0.2591316453186482,-0.19018362043614154,0.46649538519622014,0.5514599775193807,0.7056599631113563,0.6173793493027309,0.9071423272235304,-0.4847303569670953,0.13282051061273792,0.7173586840046275,-197.21680246329532,13.10225250855478,36.20053914601229,0.8956217149592365,0.5969285208678103,0.21266705880861825,0.2091824287524427,1.7831141652438602,0.6549362879054813,-0.9453816025260205,-0.31728810146205677,-0.40561725305454416,-0.5819696811395166,0.8932514550937968,-156.06162073825482,25.00431255009527,76.40251736712625,0.641206768027718,0.08932510224862418,0.8844944012211937,0.19100151071101815,0.3047896369172567,-0.005075244183974467,0.6032695217914774,0.19063485034042213,0.6967870646547957,0.18552393248412863
1.04,-130.35541454062914,79.94024720486568,166.35856636104538,0.2803573952914717,0.024782322691158376,-0.1391908405665199,0.19327070569998833,0.8009339763155445,0.8379445052995234,1.1618157325611973,0.5229243012672531,-0.17182885965257988,0.5175029075570453,0.930946431699393,-136.98417858712074,82.00884043175978,2.434840345392677,0.18330911278738682,0.26829172108006905,-0.31015522722733946,0.3343340491418474,0.7702486290637464,0.36519054110058213,0.4863740003476792,0.5125346589445013,0.004489897440824037,0.17117209142580112,0.9936964867976469,-197.2114200188026,13.431515753460445,37.50661766127208,0.7991104239777207,0.679757169611101,0.009187635257526222,-0.01717760082813541,0.7661507327030194,-0.08005535090752688,-0.5085121880833714,-0.14904352796580655,-0.5123274833210218,-0.6915294036944972,0.8442992861976786,-155.32483721216934,26.032994946369087,77.3113297154388,0.8257099312916666,-0.07466114525748888,0.7379617276004059,0.37563603860360306,1.065757537437812,1.8300273652599826,0.6127717522073348,0.1556265020128727,0.6613919623337666,0.07441944044979704
1.05,-130.34818816998768,80.38441855715688,166.4268345698735,0.150299581156619,0.15251418552405854,-0.03794261913646277,0.1908269150670596,0.8463673793154085,0.669189831588951,0.5513920539682697,0.48866404585953716,-0.2037247840218496,0.4740942688409756,1.069523203370495,-137.01770873757346,82.58609570806954,0.7615331841268042,0.0901706905672852,0.14130010275409194,-0.2407518485910558,-0.0535512131260491,0.7489254542138509,0.380456128222921,0.6634932895978994,0.5820758763344488,-0.2750984194076517,0.26128033808926454,1.0497432193648544,-197.27783561629815,13.717168616625976,37.977048231245725,0.9596493208346205,0.6384541833705184,0.21725530817457475,0.4024720834894522,0.5829439387735031,0.05349405100892396,-0.5614449911159219,-0.354400801315372,-0.6369005683251163,-0.2687418937724716,1.0063445715919719,-154.99168811030245,26.088056725680445,77.8123842590461,0.46883660423619666,-0.05689888539253566,0.27354610873746554,0.07878176024445838,0.63255858302752,1.7864191271753174,0.662739502236444,0.28498063654616684,0.6396851651982527,0.08611847382670995
1.06,-130.37768687232912,80.09078165401434,166.17339342055112,0.19326577030019226,-0.007642926342821835,-0.1339560433382117,0.4915399420316202,0.7058779011390379,0.4046447361910896,0.3435233896945138,0.5288407892577086,-0.3412131682952314,0.38227473218859753,0.997279201225435,-136.70221478588562,82.58564724807513,-1.0815192412354642,0.04922380896634157,0.2642550800154898,-0.08772738386987312,-0.13044786891418692,1.0053709362026635,0.15015988754117934,0.48128137771512813,0.6130337808992167,-0.3000022295831991,0.2675925812159069,0.9131489082706432,-197.24564389226586,14.187433955498584,38.35215261154594,0.8661599929209239,0.6755717967240771,0.16040082983796827,0.5208052556396867,0.5680422513554092,-0.11909251492967207,-0.6331663471666557,-0.3949921221760307,-0.4924124587122534,-0.20199119831655224,1.0657949366613375,-154.42490283545771,26.466470979373742,78.24741131139841,0.3225278672530945,0.03801154836453279,0.11561134096939661,0.03443518410396754,0.15689949987645346,1.3075678099712598,0.5151820117526162,0.11941542243687012,0.7084818027702857,0.0048002615133593135
1.07,-130.14780569576962,80.14008288167983,166.18268552873909,0.13953436310625542,0.21019981500271095,-0.17247631603146701,0.3755508098500221,0.4689127646072062,0.1869914501209269,0.6763172136670664,0.6285385440173573,-0.504578318669105,0.4305623842464039,0.8069416034630571,-136.60863940753356,82.46564907161705,-3.570241340664621,0.2305361137531297,0.16515139805171858,0.05508892393986817,0.33242348652627685,0.7947253173668475,0.2866874239901748,0.4540187344285488,0.7292066327194453,-0.08409107429421506,0.23720074102109054,1.2092920720419431,-197.6555212502048,14.719153699994568,39.72554974141926,1.054559348465962,0.8327445882872143,0.34152709229324374,1.1351097668933963,0.07387098399186232,0.267071089363476,-0.7541180365997253,-0.5388899986214447,-0.5972770576610381,-0.4357094709128259,0.9512675480330713,-153.531164405688,26.597093904891878,78.97231437916123,0.6752486733810732,0.0726307489063642,0.3762847376822569,0.30049579441532354,0.2657540613754591,0.9519566100555813,0.5147242307855228,0.1987069167026481,0.5526149673347086,-0.01803003429816314
1.08,-129.9975168858191,80.47189950499352,166.366689924299,0.15731003327919557,-0.06734784203984656,0.09304108837032522,0.28046921295416005,0.3237738286855657,0.22874987696134774,0.2546511367081445,0.5345028350361449,-0.3794655373684749,0.1092582095185797,1.1669969782632368,-136.52271176966357,82.59403255426113,-5.38557798058326,0.22407038581984304,0.016942703670514175,0.05714588543376718,0.19842932850473244,0.08982632310632753,1.2269214402969222,0.5240939347284537,0.7764081634696199,-0.12332244711191927,0.11148125401535519,1.0450665478249523,-198.2409326526781,15.470755541428668,40.97079848114137,1.1529963118077202,0.7965214321565822,-0.021107523294610908,0.2692982493481857,0.0796376275996034,0.5397787312002558,-0.8015204895079676,-0.3164636729913551,-0.4941523534005129,-0.17998358347687643,0.9868619240393101,-153.1215479098697,26.76636163378769,79.99715793970452,0.5870315778240142,-0.10606592648491013,0.5040354421167168,0.7065543706765751,0.3970190105906908,0.1807415242900508,0.539055933977269,0.2926699829149808,0.42854631823502176,0.10414491427989771
1.09,-129.9926632914286,80.39382588642172,166.6596108047271,0.25451672846811957,0.19120434005811196,-0.19001891821465366,0.03376261503884832,0.09887174179371053,0.5375722600994127,0.39895644907045924,0.5735704982508956,-0.42913822689324116,0.5740044223205449,0.678040511825432,-136.50684322164707,82.42875661476604,-6.560271539078379,0.2606791034400381,0.2348331566581247,0.2419406450926075,0.13374709690103911,0.05727218104474473,0.7165079670472145,0.8340248671044836,0.9319366527125669,-0.044467765683622054,0.11225105273732497,1.0962219695317557,-198.50006287886663,15.695357327614797,41.62422526762561,1.1035100112306986,0.5136120392446869,0.26855608031913264,0.8858667099366648,0.32739229907978085,0.5189253683378878,-0.6023242520137277,-0.5303633154090619,-0.5084351935427649,-0.2705371138936447,0.9463681375951849,-152.59577675362866,27.172066204526516,79.93036330699046,0.4601809935304057,0.4270114795710889,0.7102827163416537,0.5516045537175315,0.3319639981013064,1.0813551587547354,0.5086692939306425,0.17471305151766892,0.6253716422656392,0.1197202096679327
1.1,-129.49584713529723,80.64566089006551,166.34189933292504,0.07426334986091226,0.15099198711319817,-0.1286518369151785,-0.17326854154339935,0.2736755004813038,0.9485232781079365,0.4043961813994795,0.4936328524602035,-0.35360293346532073,0.6037216864560249,1.1109452973484266,-136.26126650917334,82.24172114060401,-7.683826404827113,0.17865766275728218,0.2901093442752273,0.025530756780312018,0.21059397355046938,-0.054155355239492685,0.10364848421800635,0.6083205757849361,0.7766363369918357,-0.3984566541038097,0.2275179769765044,1.0654430569872957,-198.5195135089164,16.08408197679804,42.208696083817834,0.9081939080302763,0.8622917056309867,0.10728489661244782,1.1365851722672913,0.42420075246407307,0.6824369470343256,-0.5758377435419108,-0.3544398078177674,-0.47454132647936453,-0.3691838937272063,0.7302961033403712,-152.20719186655595,27.480991689915037,80.49876308651085,0.5089227217894641,0.022719777635364747,0.4605912426115506,0.5446430169694618,0.27259554588760904,1.3292426242003192,0.639989187118086,0.1409276926486897,0.5886011196048415,0.19566436119200026
1.11,-129.79923562278495,80.64772254829735,166.4159524901461,0.09699366487394669,0.025137588827569543,0.24225412353268605,0.13160016950597697,0.37625738450088103,0.8403784919312348,0.13550387439387931,0.8021866398298143,-0.5320023261505364,0.162682518831948,0.8599059550020325,-136.28894513069017,82.48939070648557,-9.706595355241914,0.35049722529683436,0.15776954533836268,0.19387222762634795,0.30830592308290655,0.3111571804646346,0.7808504989773974,0.5745479428519548,0.763139834277604,-0.30300043798549225,0.133331029000308,0.9228373019033292,-198.09762992572274,16.83580806540349,43.3813874244764,0.5372076770234037,0.3180001155409501,0.5615444890050253,0.3420820611139833,0.9249659878772257,0.22295835185266974,-0.9291621098200749,-0.30346166843375055,-0.5406675882485641,-0.372309811641992,0.9791463761335836,-151.3089685434455,28.024077703151274,81.30173295834612,0.5402996342586045,0.05300761380460834,0.7042356399636378,0.35250748708002927,0.5887250178194418,1.5066483381833256,0.4324575845851064,0.08724043324454092,0.7829171094202482,0.257050842611732
1.12,-129.6815561655588,80.67286856872398,166.3422327735141,-0.05059305673083319,0.1499510238702582,-0.004637336595256961,0.03107022456644093,0.10175101917111828,-0.10384406778658431,0.5426329222816251,0.3874685549459058,-0.4670105756804982,0.33895786999004707,0.7383065921928083,-135.6954345336919,82.42163191944938,-11.337222995556116,0.19097992691513005,0.09566183384216784,0.05615462167235937,-0.060385915616243666,0.2947252645103873,0.4057970366812418,0.49183373351766113,0.5852099491831607,-0.1858083378395517,-0.0925156445219886,0.8696047762491954,-197.6327687406931,17.776020802100334,43.74777550108357,0.5699220851932337,0.4904065028409715,0.3913592819908527,1.1177967674577884,0.04528640990950833,0.6731205304457512,-0.8725019678025963,-0.47913167393577744,-0.44037349504118867,-0.46318739201354114,0.7283446863223313,-150.4873864659218,28.556879695754777,82.12266861580845,0.42923058850038404,0.34699305955199805,0.6647714395916958,0.19343078991059695,1.0254357518597745,1.3184298032378732,0.6137308358694628,0.15690462168147365,0.8083531087632785,0.12659240451806464
1.13,-129.1527325167221,80.96047796265373,166.66114032235396,0.04707185841682901,0.032608917823174155,-0.05814289130829124,0.002271406362511129,0.17180498913217646,0.3649805491778407,0.5641430838117636,0.6085970150221325,-0.4691979102400814,0.36128166323710015,0.5603272016793086,-135.60048767498452,82.17031906445978,-12.820395410704927,-0.010260790402789946,0.26676868686278105,0.008808166255194733,-0.03136182338609736,0.36681287836688786,-0.024766725912834464,0.7576358732158488,0.503560102376515,-0.2552341652296735,0.09583596406427691,0.9339524151606601,-197.20446123757284,18.00194679017191,44.814832583190885,0.988682308445592,0.3341053968549162,0.21960281091453623,0.5859018287404832,0.7135842069074918,-0.1413392174309621,-0.7905466458742008,-0.48445782098971557,-0.7446615872507629,-0.31803447624145476,0.9375160293441482,-148.82627215458547,29.281524900588277,82.90693481761109,0.49903300259000266,0.0699149380793635,0.5945126479153849,0.1952665281384219,0.17628524021058112,1.642984930577301,0.8097934950732615,0.24329338195837352,0.8901828446988379,-0.057079806092688604
1.14,-128.8131069536481,81.17659384279173,166.713208634974,0.27477478703564423,0.08861550731367336,-0.06664935145819076,0.18490019370099137,0.18102668644068065,0.39200996729991056,0.5576293862592586,0.38015788243019855,-0.1396260903446005,0.25999506951913987,0.7315978426937461,-135.6237412505825,82.34073276829943,-14.583314274356065,0.220003751768891,0.1748055421753185,0.1715446139757067,0.3180530047839796,-0.15416743082729578,0.43531069948124584,0.8845875218470893,0.911709952287612,-0.10181768999905084,0.2229896830320839,1.1639374766498254,-197.0086281274495,18.10006068648119,45.442693512510616,0.9655314098124679,0.29122124150692125,0.13171782873232177,0.6023648340224249,0.2386673977804165,0.19963730803163252,-0.5118955689417298,-0.2527368859672313,-0.6574178362695681,-0.17566834704550224,0.8975302371434718,-148.5491617186746,29.19644334480323,83.64844610208452,0.6611455627695909,-0.025724212930111463,0.30298459061335764,0.3390043156946324,0.4874973034478103,0.8952215531321845,0.6790075548332886,-0.0022128347589701614,0.6433742603442408,0.10155456186681734
1.15,-128.66768601960294,81.00787068746325,166.63223894284468,0.3117514068131283,-0.07126867160281455,-0.2548676745672237,0.26115013571076673,-0.02709951698937592,0.7318896110139048,0.4737050379593624,0.6990244204187237,-0.31446822098802085,0.4608535127486403,1.1691189091221355,-135.05530881712534,82.38453680027176,-16.124957506967892,0.023495782217783312,0.39650801262082647,0.031801553073922,0.17858579887971224,0.2520735196784726,0.32371702557579773,0.31081012159681104,0.7737521639103895,0.20822558877295388,0.04696815746836111,1.168443676278891,-197.24914403525452,18.18811214292863,46.79403764481423,0.7357572014200461,0.21103247753119914,0.1090798793214107,0.49741794735643446,0.1704379454505754,0.14349084998647388,-0.5369251197547686,-0.4552238514430087,-0.6941519652594436,0.071372960334081,0.9725695188109066,-147.58654645104724,29.607742224069796,84.33281386618529,0.7962893074728407,0.08970999848276615,0.4003671050471424,1.2708696395675552,-0.12516833322418822,1.201796548164339,0.29602711301614043,0.11045599270272943,0.9428402592767755,-0.09107542706430014
1.16,-128.8098094149733,81.16979982099453,166.86892142739535,0.0890677163249373,0.10967331214042059,-0.1440148868952535,0.11046867259206408,0.17330254899628783,0.6935482387484907,0.5299008275344838,0.7690342189175859,-0.4781171033927191,0.5254465588005068,0.853342313358176,-134.8248459466528,82.39651395518943,-16.544675135031955,0.2800351143341647,0.024298415206659627,0.026368189523594182,0.3385280564092238,-0.005643678721586498,0.3495092037262869,0.6523966543611295,0.7100594162031144,-0.31901715112389684,0.22734788030039021,1.2560360648386955,-197.41420376666736,18.46867569390576,47.645448893759074,0.7906563132890001,0.49334119347684263,-0.06799044079332764,0.21053064555833162,1.9280302605166206,0.41191822161690106,-0.5908569272742471,-0.375842961750496,-0.5576296826984329,-0.45282449037643235,0.9731720106851534,-146.91397899006867,29.75723293311824,85.02039034531725,0.40748876326784944,0.2733210691516855,0.37230040631537725,1.3526296501761392,0.8926148775448681,1.1779419775638305,0.49542254110923944,0.07382380955609474,1.0342806251858374,-0.19940863585960494
1.17,-128.3107951546022,81.08638585695965,167.1796082245742,0.43940516150377185,0.09203601065724726,-0.04753416258747582,0.4287328871823479,0.37752470600093163,0.18575855978598207,0.5624020969180924,0.606705892030921,-0.5768288746953688,0.39360699180786884,0.9563655537898418,-134.48805535171817,82.16911503351464,-17.263488231348465,-0.015449143930483883,0.14894608405329224,0.2935497517921716,0.4348956134448192,0.5070178548684442,0.5427238421042268,0.6905937302067597,0.4837365793336173,-0.14394368225576518,-0.03284516555307468,1.2978853803715626,-197.33595521434916,18.806126738330313,48.6337133424068,0.9868361339556829,0.43581976725326915,0.05419813362723809,0.34261390228925903,0.7742079197195898,0.23302178756588726,-0.527545221664727,-0.4118995831895163,-0.42518389262927914,-0.24104331995514933,1.023735203336478,-146.5683990148518,30.193686173355808,85.81766962831709,0.7140236403525184,0.2214078982181697,0.07729747128090228,1.1438122193398672,0.3702433289266952,1.9273711050077997,0.45998308656881226,0.16183913755177565,0.8549937230967416,-0.18245933880770165
1.18,-128.18444265690897,81.08393261337518,167.12761566357364,0.007335218097312468,0.034917541708537725,0.15603481668477392,0.19049893015514965,0.44258300242192955,-0.10738130938485119,0.3928646137453042,0.6799163031111191,-0.45530894506852737,0.4014761505542765,0.9760963363361521,-134.57348211075433,82.32497202000185,-17.387430494188578,0.32213077839282056,0.5982416082695081,-0.01759741547023372,0.07642357615511278,0.4973823668859555,0.09629689722734149,0.7601778248906772,0.7147475583815006,-0.19096322536252353,0.33342518851008907,1.0332420354918235,-197.68087456467245,19.259241595106374,49.485458927817746,0.9183010468063515,0.20941455286562283,0.006210654416335559,0.3576063196772337,-0.08110428276820683,0.4428813879640204,-0.9195388250217753,-0.6636748303958808,-0.20250838749028546,-0.22797563565302323,1.0941176346191275,-145.52321371199832,30.23920695324957,86.67916783171258,0.6270960289619576,0.10539872526032937,0.5218330758151567,1.0184141954128862,0.1000500824123903,0.7930736010159797,0.587271155566679,0.24284118963818258,0.7229361189705954,0.00633371468069286
1.19,-127.84392000461573,81.3231884249381,167.76440160712855,0.12003495378496304,0.20673072532125703,-0.08081578777545811,0.20208555373652062,0.3198452674345008,0.46455467900411507,0.5959324252030435,0.4356911552514114,-0.6085220789852446,0.5372495634733141,1.063877168110417,-134.40959315796349,81.99987866723957,-17.944715141891876,0.033561952516198035,-0.08399637517884878,0.19842159824418495,0.12675814192955265,0.5654910956580801,0.013592011876977249,0.6765921154435917,0.8939487806403492,-0.2320971035913576,0.026608884431390506,1.254752252450888,-197.29049193217682,19.469296235997522,50.687485053428105,1.1140621787952767,0.3660718146025146,0.08072719611853617,0.9388593982809458,0.9643683546861703,0.36586221128569274,-0.6045384520119603,-0.5326244886927309,-0.6355923641682762,-0.06464714186136976,1.0249740012188169,-145.00767277690713,30.575938857793243,87.3952095682777,0.4174471511571549,0.17522803357191888,0.25606254418899554,1.0227982994437739,0.22283545942271824,0.510404311842711,0.571083814336159,0.228337414146452,0.723665184041157,-0.09515590036638974
1.2,-127.75034271367059,81.65911196805627,167.98578454410963,0.035294481137445405,0.019593426931102276,0.09264753558429413,0.12172353837010252,0.48658822336781793,0.21075358669182437,0.5511977601072822,0.7008772216977828,-0.5703817203994128,0.3312328832431713,0.872104783509715,-133.8871822256348,82.19993290015333,-18.647855175346905,0.28812430872629163,0.12449693732012049,-0.012370253669472404,0.07221894868958086,0.42095599094337066,0.10643614226701198,0.5977766659448491,0.5350941029617906,-0.20884746592882272,0.004211589334377333,1.3314023521519607,-197.19776847137896,20.221895300429967,51.97382560001403,0.9315705604772222,0.40315678682456657,0.32137330583599844,0.7866078188476213,0.46503812228943775,0.4728304611182566,-0.6249193160304067,-0.2934519313706363,-0.40269176232221265,-0.07731238721635336,1.127711917280465,-144.67040829633467,30.64110367137507,87.85539631858192,0.698440042205871,0.3827043934885213,0.09802479361347544,0.5807861047202589,0.8189105599061016,0.21098167051749459,0.6484352386113121,0.038931612013506256,0.8240713585892745,0.09198217848386805
1.21,-127.69541762776961,81.72350059742888,167.58910981100559,0.17884454945896128,-0.20418685161053513,0.0013745708760725533,0.21782257936393656,0.520249878466607,0.006169455803084645,0.5241057043708935,0.3678781345782233,-0.5901515725087455,0.3667150450027401,0.8320402919758844,-133.83066933141862,81.87667434956974,-19.662848319174014,0.22297219403341756,0.012467751630196797,0.17863711559787926,0.22980760300931946,0.5670904040655455,0.6315489872731961,1.0605886241839966,0.5821157657945523,-0.09737527306594806,0.2567021861831682,0.9875304695380321,-197.39521953432842,20.72657368835565,52.69938300403235,0.8090630231731699,0.5592564555445079,0.5505678060797078,0.23023825733202524,0.2694866690260171,0.7437340618518913,-0.6690587733340722,-0.35695383408664866,-0.5782184002629627,-0.22903545988208712,1.2336668174307477,-144.1381011467797,30.465746467297127,88.61999036965553,0.5908259785467743,0.20260603195838822,0.6536967864885579,0.2837401075052461,0.9159136094427769,0.24507174504810994,0.4137269599442181,-0.012533073353455867,1.0387735188288452,-0.0901126699860081
1.22,-127.39939930493036,81.43705985590566,167.5159553659185,0.0004825761608126429,0.04714585546134859,0.2997483753862522,-0.04419157115096016,0.10264455476757472,0.25127143687870623,0.4776589255972746,0.5757333697176603,-0.4273530406697896,0.17073946780461124,1.045456233380107,-134.00006425984753,82.30292094549337,-20.07820576633886,0.2065218220034946,0.20353959016453987,0.1588747018208937,0.0779243267957007,0.4738512500280697,0.49975321514328874,0.618997467638072,0.7557082536583908,-0.12038787148288815,0.08238564945422877,0.8747142992205109,-196.77489093836328,21.11617444073053,53.70129792465788,0.9707371291156042,0.6041815060462531,0.19693409999669326,0.3509110912041541,0.29366388604393573,0.40289650020368684,-0.5414656994446319,-0.4584206093724289,-0.6308070699510591,-0.22364359447751062,1.045398767940549,-143.51863131037967,30.70012711354139,89.0529931852514,0.36532529063113717,0.13094842867799877,0.766532418446918,0.2333632001669051,0.6463082935400357,0.2926584900926298,0.5700164716860417,0.4299018962261046,0.8904834405516833,0.03939026499431855
1.23,-127.03666163338487,81.42592590817992,167.86311215154697,0.04435443150627419,-0.06303368990169916,-0.049132279376079606,0.18375313224075845,0.42366154450091936,0.3339081656530081,0.35920465008133173,0.8529099395240444,-0.35721344512198666,0.5293874025636071,0.9110916389156983,-133.68188003061334,82.33305343933667,-20.728047914650762,0.37253377703717516,-0.0401956053976299,0.236241577488998,0.5042098494356299,0.27648022889300883,0.6954584723978129,0.7014866009406804,0.38092016562764164,-0.08793975739496611,0.23148048399825272,0.8477655445645288,-196.61685615894257,21.579912309976134,53.961265430671446,0.621283127570887,0.6177583110787424,0.3902547188833896,0.2965656964959329,0.5774647731357045,0.44012078035600927,-0.9878917808869766,-0.33565809206336805,-0.6216728000993267,-0.22599404425214975,1.0906425951626424,-143.0086993715341,31.28291185940169,89.40195170802578,0.4360597382711432,-0.07980385616872906,0.3982861523086213,0.3869333564613923,0.5667108089847416,0.20918810524128742,0.6256637177637773,0.20176668698090253,0.9240357449794379,0.01712686046488046
1.24,-127.08038107910286,81.56710559478725,168.1768581622565,0.3365854385718351,-0.2148566914730577,0.3478982647543111,0.07559653119816381,0.4583117136201069,0.17701986602372785,0.49515828734804185,0.44350293884961206,-0.35369791508802323,0.41568809831176085,0.9287334511746778,-133.2712402792482,82.29169849211833,-22.97755578984954,0.2530995379810693,0.17268384890599425,-0.011635679319583397,0.15595581733020553,1.0628312595684417,0.7841708771513118,0.5614885213073902,0.6199766149457986,-0.35239564651032096,0.00603248226462505,1.215438292190412,-196.0808233772664,22.421837584441608,54.8855146777691,0.7919321593813204,0.5832914771417032,0.5931718666318431,0.33246988331780813,0.7975492601397889,0.10838713907915631,-0.6936694529020724,-0.5379425047220817,-0.4596443698501489,-0.15201800058374024,1.2175598327758115,-141.6319252075258,31.644811523044098,90.01734734256547,0.31617297954726087,0.23925663839797545,0.27632487248390686,0.45042624532717807,0.3991158399795753,0.31357379009454556,0.4852885729110387,0.07602215247537063,1.1415160883468771,0.11039571497547279
1.25,-126.7795479981746,81.54687120616758,168.61735822972216,0.26563834774398803,0.20221184759296226,-0.0906818836653172,0.07854286179651963,0.8182468255425772,0.10552000403357681,0.2690487641724941,0.6625272496983725,-0.36047097337128575,0.5879209202664655,1.1206393253856322,-133.1586617577243,81.98176679017276,-23.790723703944654,0.10480447281116553,0.04256438059946124,-0.14609764682485832,0.24353411426375648,0.1880481778407247,1.0502684711087447,0.7749135994050356,0.5644951267952407,-0.2026274496111481,0.10048313415155,1.1355278895838925,-195.37537154413425,23.265649232794,56.05140995422432,0.8873542888117286,0.5012579560115914,0.7893903238757525,0.3607411397097515,0.662266491893269,0.8201770016515384,-0.6851228970731189,-0.5001037785618142,-0.5995385409817077,-0.25506835744894935,0.9417406875621263,-140.97535337911393,31.993550038172742,90.47749224657598,0.0994009642779585,-0.01965486323105492,0.5818425510251553,0.4770129843277735,0.23376792826846268,-0.03234117740799614,0.41100166212531436,0.04091219973752949,0.7660537761911699,0.25278416206348675
1.26,-126.8114356983474,81.57222324855417,168.8864106896689,0.2532316181939276,-0.05455727501464136,0.024874423626320433,0.32325301977580867,0.5130325338010895,0.18932426344733574,0.510613005708402,0.61551618392786,-0.1795721440944351,0.3400627238794611,1.2341980593286406,-133.18133069478654,81.81780644117052,-23.481637683529268,0.38886480890219266,-0.14111385899327084,0.054584300433347055,0.21108515732555158,0.40160159775976745,1.174106206667755,0.6650008891480955,0.6164506575399455,-0.3128527965354255,0.12075971339475926,1.21306866153898,-194.93735614701822,23.70320508429831,56.54430251100521,0.8412382375092489,0.26494550445527454,0.8651339290159153,0.6026407500923283,0.3590402333036121,0.7618845453829037,-0.7517971405697074,-0.4363224525972974,-0.7213313654741996,-0.024543742815921782,1.0842315925379662,-140.39521581080757,32.273943944720166,90.79388520876671,0.273653956393319,0.08631966155358531,0.6538974872756461,0.6619016833592603,0.5617878048040135,0.21112866217787285,0.6429128197242989,0.01954362926746253,0.8444955690269453,0.09405704448686232
1.27,-126.59341857873267,81.49510843254822,169.2622023011388,0.17351191719539605,-0.025664848564321614,0.24589909904610785,0.15364877948246858,0.1903970447984631,0.4661036774665922,0.5158365562506623,0.5154526913464265,-0.5507854701199659,0.450408580722389,0.965071732477588,-133.1469749961734,81.88585256699483,-23.124609887988882,0.37510935136130685,-0.05601391524471909,-0.06106283154705746,0.3608058896532132,1.0218677404366874,1.2744807315805544,0.6209320710500837,0.36838667065924946,-0.01839159861156925,0.15194791285021708,1.0953573856958359,-194.6209600971721,24.151067975340343,56.90302165156486,0.5953312320291826,0.32443487351166045,1.0013336578113425,0.8987617765915067,0.17080382244838374,0.9947629166357599,-0.7060084314771458,-0.40257121576415184,-0.7905207225253943,0.03345961673523395,1.0937050931819554,-139.93639093156338,32.31508340279843,90.9133956785354,-0.10885174025691324,0.3633900718915336,0.7535815227469405,0.8098093404953434,0.9279381130586994,0.17234722450901888,0.8248557204739799,0.13082139892317632,0.6323008909884028,0.08882027121788799
1.28,-126.13905916637118,81.52870595935319,170.21311829508693,0.19187062912730984,0.004173741150717785,-0.25563430629202,0.15227785196132268,0.028067106846910404,0.5264359801083658,0.26584212975567284,0.6282994357043411,-0.5252515664808518,0.22014061217346495,0.9800250968660686,-132.73181918485255,82.27738475994752,-23.036495221244294,0.3779381152515204,0.15042291647278908,-0.006461643954265225,0.846887316690985,0.2981528025491253,2.3088490361997143,0.770994884406395,0.7375942864916996,-0.05451322532964831,0.26802166430483176,0.98358722821105,-193.6861647546175,24.96768401487444,57.86274100238553,0.7232083143672621,0.4208916809761153,0.9144597959127174,0.26440462599783776,0.2923502376919299,0.5387027853199695,-0.7999141791160973,-0.6387230073834003,-0.6274987827880611,-0.13172710538989954,1.3118787235195561,-138.70115656795906,33.445606963085005,91.3164780874897,0.11199606510435181,0.4270688746038561,0.5684044775829888,0.5726751846643888,0.7113256346079334,0.5814276398713821,0.530908418308595,0.0663924217730949,1.001372637772168,0.07430269945731005
1.29,-126.05383526029843,81.20126892799463,170.5550512809869,0.28414646382390474,0.0980889125301015,0.0490634722719369,0.23922173517326908,0.20322934922029617,0.847596241728844,0.5292403178554078,0.5389216051601392,-0.50757268017539,0.578147154392878,1.4765107752371232,-132.18197873809217,82.14788244036902,-25.394599784063985,0.20760969306275795,-0.04638544165222671,0.028183203567521284,0.4232196715889719,0.31914158137377213,1.7494683896924808,0.7502913206244026,0.7161335600204265,-0.2243534107094858,0.2269686247850994,1.0903623528535713,-192.87344234916017,25.875764480507716,58.53017114675126,0.5939838152190112,0.2834495501195827,0.9575445138069211,0.2627774573212005,1.6412325750482661,1.204830456477404,-0.8722974641287797,-0.3757535164718564,-0.6346956234792797,-0.31185484376031863,1.2990491128242347,-137.54904922119633,34.088798975170306,91.57168468795389,0.14835377115916937,0.16365152671373515,0.5754423099838109,1.420308349091522,0.4393445981337092,0.9678568272125306,0.557657366360356,0.29093923218847295,1.0260412694565586,-0.23924797295293215
1.3,-125.26821301851234,81.25442452435769,171.50622749337296,0.2523770413500795,0.08176844531520817,0.16013840392893403,-0.09178315707131718,0.05270261412983363,0.4281669506566637,0.5032287882493073,0.39465765769629796,-0.26446186667462335,0.28900172123744683,1.0655228613405219,-132.0198864081611,82.35458000833938,-27.66836345186049,0.27645518790708934,0.2329640316109541,0.18881313070765718,0.2376852008043363,0.3833382494944734,0.42600764008374403,0.6483898361974381,0.5983554249052178,-0.2365565275406898,-0.17151841002677748,1.0550285478359402,-191.39153359424898,27.13209370995467,58.94689868578369,0.618188819058238,0.19972696292645176,0.913505194305734,0.6266971906267027,1.1027344423904402,0.9755788089944564,-0.48050657335505215,-0.39018265731201607,-0.6023383782784312,-0.20790227816254359,1.282979542316427,-136.39224465297664,34.511589395359984,91.99355622973472,-0.08092986066924704,0.1160415288084935,0.6016848805898082,2.8836097262915974,0.15446267383156362,2.323065343632732,0.45251609151105343,0.391270827068424,0.9124754114964754,-0.029976117713929086
1.31,-124.81995423297045,81.79842814451706,172.62272208386048,0.3062425798217484,0.1264032980080565,0.08322754265365544,0.1813080231643131,-0.138396829922823,0.49807423721928973,0.6005649977032697,0.6904887325593583,-0.4964340231780978,0.5209207085669134,1.166468688247698,-131.71376211876532,81.97393486433502,-27.028470597039846,0.19832769940433406,-0.061160421382530986,-0.016102872325513516,0.5431348011774052,0.27372365101542495,0.2959514641015073,0.6530932145251741,0.5940896119038794,-0.06581655851630941,0.17433978775766318,1.059017775089003,-189.85932595282836,28.486018886231438,59.60928200753238,1.069161728295053,0.07485428641338829,1.081173886886369,1.2134128385378584,0.48364719765009123,1.5201508585936339,-0.48520146999012603,-0.5061140118145986,-0.7126718417275247,-0.24210362432104762,1.4295192238308474,-135.71782813292376,35.35714214374426,92.50435430794072,0.17767216178201625,0.23483243672972592,0.8188449793642484,2.252821414443503,-0.17963298173438588,1.1177540749501997,0.6109764857806956,-0.0019154829250786834,0.9439873573060854,0.0027534276655787754
1.32,-124.28871519147751,82.02204582392851,173.51990158078146,0.3805263980547508,0.1604597813949992,-0.012918049310457848,0.3101143541490113,0.1524632106236693,0.23317038489913483,0.2890561137195677,0.3834529755651124,-0.2580256708425715,0.7337743482593483,1.3027709843135304,-131.38803849737462,82.20105263815577,-26.892590516894728,0.4533989371785409,0.33062986762938035,-0.10678848142889638,0.5663102140730755,0.41216391684309445,0.9264746849400491,0.5664535595222563,0.8043940267933016,0.0098623369027978,0.025441945679929995,1.1285518901373959,-188.94827892698356,29.594410138757258,60.79300691484001,0.6091546846143787,0.34138976716265745,0.8379946047712541,1.1276923481546428,0.6628670706778679,0.16006686126308928,-0.5445450761298224,-0.7082980592716988,-0.6859239930214458,0.06556952599008649,1.0922960261555867,-134.4489032897285,35.88696082763213,92.66692542699428,0.13679565380197514,0.21158067598312855,0.5814278577078065,2.059592500239024,0.0872150563584199,0.6674390743551543,0.8632841910924302,0.05446816219695384,1.0949327997201492,-0.20791490098660714
1.33,-123.84772400633481,82.48981054972941,173.79112411483635,0.07773175643604084,0.3114015078365457,0.17662777869249313,0.04595172317084456,0.27335359419106475,0.27860109869324595,0.37420131052154093,0.6762022777760777,-0.4377546518299872,0.497095507973422,0.8745366564886732,-131.44424103743975,81.7694452435549,-28.5746029543718,0.0869488886670967,0.2688578944703024,0.11217870209490594,0.9612886685154072,0.7568666898798907,0.10425851643811829,0.696598198707803,0.8125132966267734,-0.2730226452019167,-0.18553943140385432,0.8269945805138701,-187.97181898487614,30.532977163888557,61.69576990763572,1.0585480477627358,0.3500434984834164,0.9151881383196758,0.6345568530784643,0.4877181505031757,1.2223384767077519,-0.3404383721089772,-0.37599624954634414,-0.8355458878196285,-0.18842083011497301,1.3823479346928078,-133.26969976647118,36.532364577862346,93.0887106918875,0.13115102776451487,0.44501485794782625,0.6834845399101053,2.1923551478923455,0.3719940062378073,-0.1068214750916692,0.4813021405515626,0.09587753513004954,1.0148859882675383,-0.17851742661380937
1.34,-123.65524103651379,82.21170039986738,173.94246897197627,0.2751343347645466,0.24221372460118235,-0.02447538587298093,0.4463431919474655,-0.10588891058319462,1.0911428736457187,0.5099789463068485,0.9188618741360087,-0.6165749302897282,0.5648582157269996,1.2335873945470655,-131.46824292267058,82.0487660852325,-28.859159307930092,0.3009570455228767,0.06147674040131483,-0.03191713643073546,0.9433415707199349,0.30210569245038044,0.6633723668309875,1.097215213208881,0.4258876399264286,-0.07530591371306664,0.30322393266800696,1.0721607940898765,-187.15319568400773,31.563857624465843,62.74665199036514,0.9569070935272881,0.7259788047243205,0.4925016957467437,2.7033737531022597,1.3343651457006953,0.27603217131293006,-0.5048864506495074,-0.37505741243403157,-0.8782879423324212,-0.01617384033078223,0.8257688228931122,-133.02492697182416,36.92477364964429,92.98897947266427,0.044659230681091414,0.34098902655695806,0.0619793844895259,0.38294627224422123,0.4528329784468974,1.115948982098481,0.4293703483668122,0.05990385862885422,0.872038051730405,-0.23218891481218898
1.35,-123.98769516694333,82.47778678914518,173.86221278525898,0.3166495361489311,0.013013712525226151,-0.03639142209955065,0.3939399296235558,0.2558538696161791,0.2923411589442809,0.19967178108426414,0.7692557992426501,-0.43542211476104864,0.3535813302295696,1.1610927192463654,-130.86875365361684,82.01350911670777,-27.935789912274327,0.08730540086844653,0.018106809182771716,0.17563045241393435,0.19514468585929776,1.704559266577843,0.32936590108792474,0.7132281301343479,0.5464782885359479,-0.19061946779484412,0.001960565558551383,1.1097086235743885,-186.50128595868034,32.538310683297375,64.05843983094147,1.411896870158543,0.3492940633497048,0.7761726176304743,1.0190439818177333,0.4462180203134742,0.3803767064711828,-0.8165629943141581,-0.482461949749282,-0.8181038715882506,0.014614727683411675,1.012869887778299,-131.69323208467102,37.739548560984915,92.97209951698585,0.17520204294095243,0.3726772583051974,0.7196255136902197,0.8872239882423395,1.3347473211565477,0.0032217405117444947,0.5124162708240094,0.0316647372071311,0.8347723409685937,-0.38505440012355074
1.36,-123.83814379021759,82.32405306770036,173.6768268089828,0.1152713322885445,-0.0657719662656836,-0.03714111702847386,0.5102109283240752,0.5975638650591992,0.3688836270233026,0.4854168284990219,0.707872775996408,-0.1461174384503447,0.4556679012484692,1.456108078499194,-131.13046711278932,82.03803241845172,-28.783544655622148,0.2582861088936723,0.027673698233571915,0.16734432696990725,0.11649291030317502,1.537931122982323,0.08245595631568448,0.75793254001773,0.6906951281886906,-0.16439047936387408,0.10156245571787595,1.1507469464614157,-185.84941235439294,32.88246389997914,64.47918606637121,0.8354992922795672,0.15985234458077788,0.8624274964041941,0.7868631999667303,0.4657098857933183,0.5915259289612873,-0.5910308075294745,-0.28680799749774766,-0.5191246578898713,0.07500707835496741,1.1388936980148345,-131.1763758301933,38.180487557678134,93.13632893754142,-0.01694925085681706,0.3638160244230594,0.5605179887385641,1.395269885033111,1.0909754295038645,0.49255520577186795,0.3015166036475426,0.10785401406588892,0.7093459997381591,-0.07519210943014595
1.37,-123.59830474655516,82.15053553431937,173.32877573434683,0.29743155957894274,0.3040384312692983,-0.23048663855207807,0.14298218019457357,0.3638071302138024,0.3606856603234338,0.5573853897787475,0.5963668345058947,-0.39736173411406545,0.27415591816946566,1.0901104025297332,-131.0036965724737,82.38721320323361,-28.66740774662711,0.3902391241488887,-0.00820298523176867,-0.04333926891708133,0.3815202121761508,1.3393417788633937,-0.15852161555239283,0.5415974108854983,0.7320799111721534,-0.3463042319042607,0.08737558386417357,1.159167393243116,-185.35931516375112,33.51738563123031,64.79501885495458,1.0475557196559366,0.13152209928390063,0.8503048437743393,0.2130303982375067,0.36600018592368855,0.44242615977688077,-0.7213985268721812,-0.5302263817347312,-0.9315937422693445,0.0965479269002705,1.2425964808515366,-131.07399916333452,38.67033014541881,93.15037175559182,0.23180621906713528,0.29658520821740353,0.7100039138799618,1.8254428571674461,0.8625326632410502,1.1110232241436515,0.33296568101650065,0.3092389118060523,0.8133822104423739,-0.2809711664185749
1.38,-123.59026988091881,82.39528929716084,173.54780802935213,0.07955244837296326,-0.18399808226298384,-0.04502813941083052,0.716309192721494,0.3424777697947235,0.7851441488621144,0.4996253398205708,0.5909146553756968,-0.5434600337757611,0.5298181178341624,1.2040285820153058,-130.6578561014237,82.11663312986391,-29.351449980753944,0.11551399152907772,-0.1327493885174648,0.1289138905568014,0.5410632202135627,0.7890573399852604,0.3094701959988587,0.5907505645340217,0.5037078769401613,-0.0010041462948751217,0.049787256200503525,1.1552874915817228,-184.18290107674432,34.220188055486965,66.21702216240074,0.625048794832493,0.6302987345925677,0.24057235967674329,0.6568295621661225,0.13744711267557716,0.48922038207773744,-0.5051230737410526,-0.1909815914456639,-0.7134508027624542,0.07495566425531876,1.0907877135390605,-130.5761318230624,39.14488312133058,93.4274050701184,0.28404539893131386,0.24971421847050257,0.4146627894082996,0.12368393626320845,0.41976843259664814,0.7653193084876938,0.4475581818180273,0.08086609095035147,1.0141364668696933,-0.09841978908318733
1.39,-123.76251023488045,82.16988402021602,173.6265671283476,0.3584598249966347,0.10656090168210125,-0.19910789829530273,0.6498985707289369,1.4076427945954604,0.8623275301363954,0.293775991917336,0.4911426237050086,-0.6880599926497726,0.46304060489457005,1.2599708984186238,-130.91428395750725,82.41521105231583,-29.237192690509517,-0.01508985389644027,0.013383565371013414,0.0737205591489245,0.5780342888494575,-0.07755810091197092,0.8874107203046451,0.6399514543830525,0.9062558944963219,-0.3413213477415605,0.01989587813655285,1.0656586447327614,-183.5698263022369,34.57172439862917,67.37436987290012,1.0572550738265196,0.5602144536962619,0.29504991775509537,2.3494674795628403,1.8394414422523084,0.8491559893412536,-0.9069073771664505,-0.4622628962759394,-0.7054865806931901,0.07406976295842174,1.232534349392462,-129.99568722675784,39.270870818248575,93.386037905046,-0.06274969544826493,0.3153365662425047,0.28565450837182765,0.10218037773682698,0.6721096723620728,0.8481980029075438,0.2933666750126311,-0.16632132770098346,0.8926271385182003,-0.04113340755341242
1.4,-124.0150472888571,82.21173734194143,173.1497171336312,0.4966885818507298,0.42278611184460657,0.14919660670434737,0.9623710468844564,1.6553829586708355,1.391517845461956,0.42736374561327745,0.3538414917009411,-0.6018518901021077,0.41473335863367566,1.019645417476206,-131.0406608425096,82.48208359399078,-28.308086753614347,0.034540932999807344,-0.060146137255934956,-0.06152655438711058,0.5372710713778345,0.010482822523216903,0.5580592853166808,0.5877746563005105,0.6205592528078819,-0.2396674151407893,0.13153661923889712,1.1925315542811983,-183.23295812435083,35.1306695677672,68.66379950562091,1.1826105524294108,0.14953562672569604,0.37434873469929564,0.551325716203997,0.3971888652977783,0.9893375786822726,-0.5519583419155272,-0.4155221133257997,-0.6102086513158701,0.11167225299897207,1.2668058241438263,-130.20213524064846,39.63568640150301,93.34277054665998,0.35315291141839145,-0.12351783518711236,0.1448369147431533,0.4615795802457124,0.2067341358896898,0.5623330142060733,0.41040171673019477,0.0984868192955991,0.7257629151640157,-0.05763720658586044
1.41,-124.56744250930153,81.9603063211847,172.72132001089813,0.5015742861238878,0.038779443872201946,-0.04048788841407877,0.761235349077842,1.575454610275512,0.8060257574943807,0.5638253392162298,0.5842832407863753,-0.47094621930985775,0.7124991772917348,1.0900809998091125,-130.89947454730208,82.37767549374863,-26.21807175814809,0.01946789757718055,0.16035582209305477,-0.0930512895405427,0.279063813483807,0.055561999853077096,0.5724155625567541,0.552694806259963,0.581632363089576,-0.12609308298865382,0.3413576291404023,1.2201144211514756,-182.01706229237962,35.44864362319728,69.76683024500429,1.3584486291755815,-0.06524868829560206,0.44319917457688446,0.291824824322333,0.3127981439739132,0.24601458328759657,-0.6367632216052809,-0.33664114787058513,-0.5594454479519614,0.033974393545547904,1.089647059246645,-130.81622300005623,39.39356575963778,93.20937090666776,0.27487340950827865,0.39286472068042066,0.12380778152764241,0.9829479285345254,1.8448206390017126,0.713364029746489,0.5823443089052881,0.2580790817139516,0.9975842738742322,-0.05119544184728611
1.42,-125.5735079747967,81.88308688341607,172.13172526205707,0.49244627015969406,-0.0353167715281646,-0.04649717029907316,0.3320699602622422,1.268725341206157,0.06513974044927472,0.45536521735307095,0.8131156435057711,-0.26869155399442035,0.34997304717214517,1.1268231730365201,-131.3999859685894,82.81006919021927,-23.31562611141559,0.19693382051021813,0.45783326962693566,-0.194845817511213,0.28596863951916873,0.6257695520208865,0.40561923336337347,0.5758235534443573,0.5845721942035186,-0.2778358987805738,0.08784529544081052,1.1883561631194042,-180.8273217799446,36.021516347851076,71.64456380663874,1.1764615675393677,0.4928545172686086,0.42259122665311566,0.9951562888076799,0.7137774843061331,0.1033584334279502,-0.5149629880858428,-0.2969848874982625,-0.711489152057668,0.18396739075920138,1.3380322560390483,-131.48170690304082,39.23632105494992,93.5621624676093,0.5937789930012297,0.3052893853076352,0.3173077219214317,0.6194845684631601,0.8936926912636436,0.30989349817640427,0.3502364801174638,0.1520598792749205,1.1457646111413897,-0.0566744990255591
1.43,-126.12294525335464,82.04697309996205,171.36042972371834,0.42756131927714763,0.321858316639823,-0.4107718887794516,0.23532371190375898,1.2106796664270632,0.6459950788905072,0.46562648424022307,0.537445536824281,-0.42743349453510343,0.37757176591169134,1.1729450258256164,-132.07904441508038,83.06690011826933,-20.84743506189874,0.40996626103819367,0.21811289090662933,-0.10619279031901999,0.29903306959036835,0.5677225974570872,0.4151350998396307,0.5744935101469487,0.9574161597797674,-0.2922955769748409,-0.12097990922481883,1.3986586429866934,-180.04640727438746,36.44562751335248,73.14035392658329,1.3037597560521514,0.613769831380266,0.24599786037812255,0.6152578858878607,0.6857831787324539,0.2195062668517756,-0.5752131622788783,-0.43517326928299,-0.5814312489033622,-0.07051740839079641,1.32473092439171,-131.9110245267735,39.35402933899235,93.2039695509193,0.15971247640719,0.018682704010802326,-0.061122966515491456,0.17623015458112556,0.31564140654181,1.1554028960920095,0.8052823218570604,0.36199475008937043,0.9156890943017233,-0.2357623628770248
1.44,-126.80453873223101,81.98728200768943,171.01072302978437,0.697034262946704,-0.07696943754244785,0.17884752136396798,0.628448772256623,0.6463980930231661,0.6774187594541053,0.4945236836867213,0.5267664066433375,-0.4514284025164838,0.584305638380308,1.2712418367536908,-132.12612343435242,83.0706815535749,-18.12356642222884,0.3583436466327468,0.289985016298357,0.17992687353754552,0.46358870174020866,0.7141606486392267,0.1725542898801989,0.7501506314121617,0.6873261511420129,-0.0649349980399038,0.13505115008030594,1.3409871204188621,-179.3134535018016,36.60099515890886,74.40340684368243,1.4871507768281942,0.15789981225448654,0.5041050575455029,0.023084490643222003,1.126529539058201,1.1813393808773762,-0.4045010430247556,-0.3620080696911755,-0.530491011231893,-0.15934512138119467,1.2415882665614058,-132.02753554200842,39.46360861050063,92.98190945886061,0.39583276682338553,-0.12381237533036019,0.2317489228276241,0.22719357217980074,0.535160292265056,0.49892591759062277,0.5543169584388727,-0.08939360167880261,0.6201092215017949,-0.3772605163725974
1.45,-127.60535882518192,82.02715704208732,170.42175306270147,0.44330312187843457,-0.04304497374400371,-0.2275647701544713,1.4160029806788081,0.159076864577625,0.4983063892163933,0.37382129085322935,0.6645461535052891,-0.37604737023207424,0.4529280718292237,1.5175178658637127,-132.15331788662942,83.14706007649626,-16.193139876432532,0.6723605369974693,0.641014584048479,-0.10297014508221856,0.5046475983671327,1.2882700588468259,0.3264183758860579,0.7483835493540085,0.4686661564402034,-0.46036142120766765,0.22018384908546346,1.1594009120571098,-178.5902521801902,37.466416386297226,76.132548672254,1.1767357974215824,0.139604046513753,0.5888520899667642,0.2864688211395685,0.9504868166885978,1.3230933811663483,-0.5173634097589018,-0.46834636325988055,-1.0414249935114186,-0.05850635273285251,1.6710098815357595,-132.8064099218588,39.956479758959816,92.89760592704569,0.20801240543514127,0.026514800399614402,0.4860803986326596,-0.06841861645724809,0.0399545539805774,0.029533376700145858,0.4277214255283794,0.2457585352420995,0.8182877183433817,-0.00804014042584092
1.46,-128.51800239474255,81.90727052332396,169.67758418296577,0.4534494822554713,0.10871901838902341,-0.0019335806213211307,2.34424032906662,0.7071602774340391,0.699066603792867,0.5427573805684619,0.5455777469150336,-0.39476607125920377,0.5208486595027843,1.029381502754128,-132.80659471205777,83.32428590083389,-16.423705642650425,0.4181614515784099,0.5085465647783031,0.15471739376897753,1.0586368733763423,1.961559228470943,0.9493436595261665,0.584400471297911,0.8753488438609366,-0.052809614488344966,0.28659495203943514,1.1607122574154667,-177.42449286195622,38.029597602178285,77.22853234714486,1.3574999016978042,0.30623096197249106,0.455859551930209,0.8567655282905592,1.1820816541745272,1.0175601915713948,-0.5847839604294078,-0.34045105021721545,-0.9462808097376869,0.09272991393903506,1.4105947992601924,-133.16594756402787,39.878307213021344,92.75998362264134,0.5998828587741787,0.6235620824053498,0.3532428512498308,0.10905564208106042,0.3436477059629557,0.3511987123400039,0.4962343987574375,0.1892315164545731,0.7429700231003444,0.006068293862959047
1.47,-128.65757405269795,81.80410675941339,168.93194617967794,0.12316941457120657,0.0898849344405677,0.10366318264450369,1.5898519480794706,0.7635110218921012,0.6973740262003175,0.5228708560954934,0.4470894189572263,-0.3674399427250212,0.3543227091286658,1.3055064440841522,-133.2741494885822,83.31446959339385,-16.59633642594403,0.5076181199317898,0.6795888359996973,0.2456420049346733,1.0491275407742089,1.1254338019035164,0.6167798446782254,0.6387515987323488,0.8071123831793687,-0.01651744922233972,0.09581689718744846,1.1928335199197457,-176.62443383494733,38.48301677850849,77.78799537379051,0.9625596789402155,0.420568024468622,0.5103857576620853,1.2283606327982761,1.6281418090443869,0.6019393099270863,-0.586436127896026,-0.4208843479732305,-0.7670485140524348,0.054862656620086894,1.2253359338885674,-133.5763163620262,39.90738187302663,92.57572652531559,0.580636152477017,0.2789396318684909,0.3057193060928325,1.3086229768639508,-0.051509399196733974,0.39919079252271766,0.6228684785344543,0.29208048726342634,0.7552865961825842,-0.18943981114788289
1.48,-128.8504834363834,81.43512411329542,167.81230072306414,0.031759458439679165,0.31776344631818687,0.13415906541139444,0.7892380058768138,0.4163335884165925,0.7323430685456361,0.4613439242467765,0.42987848423255975,-0.14806937048425584,0.5521791061062679,1.2493382892950236,-133.63171523467102,83.3919161213683,-16.411683070824957,0.5979244973159173,0.5116874574723892,0.26943550799021887,0.876699723436841,0.4210915022004023,0.05847294970032839,0.6231329642187002,0.5370332777615194,-0.24767991902748807,0.13985629352278042,1.0521013509160593,-176.295760638177,38.890761647266075,78.46781984592793,0.9959286965430325,0.4982472711531966,0.4561122017026421,1.242020273763518,1.8450314985629528,0.38087389732698235,-0.700076086263379,-0.394011364515027,-0.814322666547269,0.22818904261040668,1.051751689164845,-133.90553461280254,39.60309437907839,92.17500196909428,0.41720022537777957,0.03612616044841163,0.309075432806188,2.5012867359220707,-0.048050012178553946,0.1837419463084516,0.6832103139383838,0.1887639233579106,1.0359622093696297,-0.3026715548949585
1.49,-129.19817590167776,81.52946384993149,165.7229930581568,-0.014220550377804952,0.3037673429384227,0.48826566122497383,0.2534580760790686,1.1428885516602612,0.59848084711147,0.5362721436583731,0.56559438625782,-0.3483943189379969,0.26299574053045965,1.2037124068239589,-134.1261647577547,83.34290536011656,-16.121941890157334,0.25783676557342333,0.07220236625378415,-0.13125058407342807,1.0151788406860427,1.1480323813962598,0.5639594804931533,0.621214385507036,0.7686231416854785,-0.306214962139309,-0.07483782816889324,1.3107978889612584,-175.93183143313914,38.803183465383825,79.58213530864073,0.9624134843488592,0.0521306087610071,0.45495469152815726,0.7176019857782049,-0.07309063078910658,0.35678061496135344,-0.9150946161123978,-0.42291394061017307,-0.8579495281593761,-0.006349550848667458,1.3743632263804506,-134.72492325147246,39.94946388740819,92.12251717645286,0.12810857057494457,-0.05472616876914467,0.07707283124528425,0.4704803029199153,0.7549844244513363,1.8857206791191845,0.5908123391034005,0.1404145765102732,0.9776477364016558,-0.1741567211484044
1.5,-129.30977088154862,81.11651372350859,165.17087540377668,0.2026087157387148,0.0619687117463674,0.08824170045916241,0.6700123837478857,0.6795421063103264,0.8013087857168683,0.32259949422841416,0.7262059632223683,-0.49720185094705266,0.4250722631548902,1.3491319448216696,-134.30745597923394,83.56835615355848,-16.27845085797525,0.5106277665296926,0.39373899880020535,0.010871414578157795,0.8340549595303266,0.9193558732870858,0.8343776786410275,0.731536713969039,0.7763183631110595,0.0281279308514686,0.16706885693138063,1.1015722922994968,-175.32164215565672,39.11765713524323,80.08648029865499,0.7406945671074179,-0.15900702217862178,0.15569028157060885,0.8411948591072406,0.8412651848099129,0.4095549777849832,-0.645094513375441,-0.35501843768713337,-0.7267101344982538,-0.09126415517530051,1.3960943780781587,-134.82795146460242,39.95675046748085,91.88978204024146,0.24781665612120082,-0.05326049027183417,0.2539068337419314,0.5097803171776107,1.3243634213265356,1.739628826537082,0.553066262914204,-0.017013146196315825,0.8868811038290232,-0.272069540089607
1.51,-129.56349758057195,80.6441861916118,164.57522801003353,0.5041015730094053,0.407701376600735,0.17445010099540292,0.972134821424449,0.7170959629849102,0.9246689840619062,0.6068305141365617,0.532929660883241,-0.3410017150138667,0.332887296178746,0.9706713370772515,-134.1093889708837,83.55471982477877,-16.147897682795087,0.2049220648035885,0.3179526333838464,0.13437425620183607,0.6202610515725541,0.9764177519281759,1.3176618416612635,0.9627209469830051,0.733984341216668,-0.2503049277920464,0.20138804872805272,1.3916084272746208,-174.76667043370279,39.02969876920248,80.89891928830735,0.8447334576795312,0.15994644622439677,0.07809884539594719,0.8962144503155781,1.3949402533889348,0.25056866942469413,-0.45233610243775496,-0.30458535736466147,-0.6213382884194734,0.132538918733217,1.1964545584084685,-134.74684748115385,39.90998130563219,91.90772387740083,0.25495304517630724,0.1750580975999476,0.28829364035267246,0.4168577856654785,1.5618187413680453,1.8464390201131604,0.5434033649809333,0.393429502426121,0.8394263707025131,-0.20181333504494306
1.52,-129.13287248014655,80.4402278303049,164.03118077552972,0.4361582189722566,0.05789244698783452,0.07375248251954303,0.966520596151252,0.5518384613776257,0.08491542193539428,0.5873028318040325,0.48820373698451297,-0.25944467996063225,0.18336758929554714,1.2935015046153924,-134.21133899947827,83.60777345904806,-16.367096394491547,0.14309449081236933,0.3673875299968097,0.2817724393053109,0.632221979143172,0.5662233520963246,1.4209952036272682,0.7263033104062573,0.7760524003903008,-0.02849319274763082,0.010873851659854022,1.3472024646495024,-174.1828660509019,39.064894484238245,81.84292074280037,0.9417868179190415,0.2937535528384313,0.6950342236168393,1.4880053619128917,2.627410297181769,0.13446230995764188,-0.624296672408124,-0.38333298314775627,-0.6754282841889258,0.12099078923804556,1.337181095796462,-135.83500753273637,40.03122347003645,91.39787279178012,0.5618197894582345,0.18477992889833772,0.20521768678815172,0.26561663117970036,1.706220087680013,0.4816415439872379,0.5323743350888662,0.25936655265929115,1.2504244664706448,-0.44576462039265596
1.53,-128.9454581152986,80.38487596062808,163.66564810709465,0.21354363255141712,0.32099376846934524,0.015459540071747428,1.6766027767703642,1.3551361194862968,0.35061433648273543,0.6057376527389499,0.9233008275217143,-0.6347034062394241,0.560172620825044,1.5611733115308328,-134.55235913664242,83.47459432944493,-15.770200039766944,0.025623898003557112,0.11266777825219945,0.16057269697959595,0.9707536708137742,1.2112463185192954,0.29945182334621095,0.792065218129103,0.5124982559805926,-0.23691558057919815,0.23879703126046148,1.6303129368287117,-173.72075510265717,39.439536946349506,82.60992130987239,0.8660311890748147,0.22657290758223797,0.1835381940724221,0.2007466984352407,2.514088716144901,1.1707518337777763,-0.7187225941541142,-0.046400261441405105,-0.7369701229934769,0.09119225923146043,1.4168187732302493,-136.90363039711627,39.71209907711413,90.98814881590766,0.6816525243230742,0.10390690529831356,0.2854396126166136,0.34623306609961396,0.5539828486226921,0.8139559042105077,0.48976461082050815,0.00010560418066220267,1.0719162670875368,0.042796465216528114
1.54,-128.2941159810209,79.8445509497854,164.8437130732499,0.28590886989624675,0.06622116172361414,0.2715957538573864,0.03010233595556599,1.3961821874950866,0.6484783674570329,0.6932032464786937,0.6689142825481611,-0.26894340055299915,0.33008819355213787,1.3897554622830532,-134.54630552004147,83.73705874368405,-16.010813841887472,-0.12521143423290398,0.3676800897042558,0.1914292276128985,0.6826399617393153,0.649664459458587,0.6231899288064013,0.45398877158723355,0.3611923097875722,-0.36255524029839076,0.13523284594228413,1.464422427379425,-172.73702455335012,39.4900111617098,83.33361479449957,0.9653104112743734,0.04369720213276253,-0.18594017628962,0.11156603869100361,1.5056832610233846,1.190802087234261,-0.45311546887096527,-0.32653460696496195,-0.7792196115128102,0.24140914961287388,1.384556984206346,-137.65335968550815,39.53346051808784,90.65351378101118,0.20631598090348416,0.181416333446562,0.1609846361017674,0.842072471708137,0.2390481254055028,0.5343635743796596,0.42524945470791214,0.23934517834207636,0.7675636483597189,0.1867575654716324
1.55,-127.93805234015163,80.20919632182938,165.8719981396408,0.4306384898396556,-0.271500053781235,0.1723326691185953,0.16212214851735798,0.5656523531502285,0.3605538541831843,0.3609576960472285,0.6999004781502446,-0.14618662150894873,0.2867953809057217,1.4264913666927346,-134.37240204661802,83.77764358149864,-15.708699245918012,0.14984717990908844,0.4525358368830048,-0.11668167219198358,0.6011920766211163,0.4975529130944011,0.6594731267024232,0.8618029307454367,0.6612022611086181,-0.03664909033789854,-0.10828479676706344,1.5376902271327946,-172.4204641762858,39.16620632389194,84.19372734210239,0.9242064301209605,-0.01193933333625069,0.2484512589902664,0.8728719899976858,0.11582463113426908,1.5398047489191136,-0.649083877251943,-0.34680771212669503,-0.8504465601629165,0.019916560759491185,1.358637716792454,-138.2657158537774,39.17396944074041,90.29842159801069,0.4306552761439853,0.033654269301393425,0.25260479220358023,0.9086657172863662,0.6157386063228321,0.7354158933210165,0.4206045168248938,0.18984911488149872,0.9962576050265717,-0.0886580623472559
1.56,-127.70371078979858,80.23123669417535,166.40946798007937,0.019755660201112774,0.18184958698617776,0.018596455193895522,0.31559829091159014,0.5039798510893095,0.48341258417945976,0.624565767556769,0.19699660513082123,-0.42434821245385335,0.2607647510765892,1.3279275989270816,-134.19760309633196,83.5479659522772,-15.576210990361517,-0.03417961994807368,0.28531870218993177,0.0806518653880059,0.3214357476994466,1.41958271982654,0.4763106099205239,0.8346627971882913,0.6473439757613684,0.08830053846879604,0.2540521642942893,1.3229301228649881,-171.85623727613304,38.78057805654492,85.32294598033324,0.8804307699845988,0.27572945160351503,0.08504406708023302,-0.10818918757500341,1.2818018953057673,2.5147644843031864,-0.4537738682992415,-0.13098292849517756,-0.6778875206184464,-0.07613171884932489,1.5622822531392946,-139.10828913172702,39.343403226657344,89.62942597034277,0.327299227651553,0.09070571625907133,0.05342677433150533,1.074431877497033,1.361042385959805,1.0909717974491426,0.7428244848419085,0.22409096609921797,0.7898620917201344,0.020271135729112363
1.57,-127.02425571352114,80.02815280296953,167.39769218948226,0.32041246069897905,-0.03133016811866704,-0.09531265045527995,0.26405094558554193,0.3150644503359173,0.7439549883761103,0.5670084069994011,0.7162144812551775,-0.5263253948751868,0.45007026209464157,1.543050305789448,-133.9061879647463,83.21038490192956,-15.615668089808768,-0.042801507041753076,0.566722264102374,-0.07724785919532065,1.2948305392967372,1.1757381757011465,0.29637155891125977,0.4903655267213478,0.4524690049211044,-0.11544794557126112,0.16733225967484583,1.6541770041150516,-171.29668719761884,38.774567876679356,85.42428585409769,1.0013639492076982,0.2633747727307324,0.05576027765179242,0.35203918181015253,1.8859230673135425,0.3772341106544774,-0.3445112716944871,-0.28465487717604115,-0.6959739143145487,-0.11998092738701874,1.176467324627518,-139.78465687778956,39.08911817978861,88.97138754193561,0.3544515264414072,0.2890321974480424,-0.12494811823933913,0.2723791818044954,0.5556987894188031,0.31547419631827517,0.5862550619992464,0.2032525396427258,0.7190859327441956,0.1633402835502959
1.58,-126.6566153792761,79.43118164946637,167.57812100122482,0.08032460234980135,-0.0375931662309722,0.11307871818697907,0.5809885298697154,0.18831875045050858,0.6917795031342565,0.6988480081966965,0.6248477088719643,-0.3636628068475723,0.2852050120420171,1.3967687945686853,-133.66311304751224,83.37296768433087,-15.517407349279042,0.04792662003081643,0.1741300575554186,0.24741979403761344,1.228022137331321,-0.06815675279138365,0.4099871157740164,0.9563140035398515,0.745013888925318,-0.0007457667228550346,0.2091009273574572,1.446206683118319,-170.6976182854148,39.28105853878213,86.47822070213262,0.7972554733360216,0.33525209140990603,0.28472380490555727,0.37449260694457676,2.621624367912834,0.9122686259787356,-0.600064613372733,-0.22743173537456476,-0.8134105731545078,0.06739161150801892,1.5181823626384918,-139.68958045484223,39.51111068736425,88.92969426080083,-0.11935287505416844,0.18721053933083093,0.0960338251103022,0.41178444735797,1.1651422750928448,0.8356945077823217,0.4964856376651254,0.10410500761794667,0.8803718438324252,-0.09739747247044322
1.59,-126.30265838875209,79.51284876112975,168.22659103382745,0.3811944865460936,0.32374189189412117,0.05468193676493535,1.0107400452657327,0.19097719947462446,0.4527580706247539,0.5901041096580871,0.40027282113344503,-0.5414888046066406,0.7278581282995622,1.4981151444977767,-133.17290867361226,83.24549856729736,-15.752836260360935,0.30930804026036174,0.09315968715812674,-2.8339110375419363e-05,0.3212862305525806,0.8963842075368906,1.02783033440909,0.6089628103591121,0.8778690760062428,-0.14070928987655748,0.054676463994569,1.3765728048806516,-169.77901161900223,39.602787547123086,86.96144517157043,0.823606694861267,0.345607631227621,-0.06074698555556245,1.5923945874337373,2.3516908632826845,3.725165276835113,-0.6610544106675514,-0.15914030922352615,-0.7507659851509304,0.2929315578688384,1.388128568713706,-139.7159554932181,39.47728222160245,88.66347516169299,0.05212064810521891,0.06640346836561042,0.19567221123498732,0.08210333351521933,1.0156700090652815,1.2560652939532755,0.781080119856946,-0.0777372509147751,0.7646093759299493,-0.015362855906481343
1.6,-125.74383732436334,79.47886762456656,168.97942556643662,0.5049141883498709,0.15477306179888223,-0.2607849576621091,1.1649115622252058,0.02801043107136597,0.2899299318175347,0.6410478349842208,0.6346180046768696,-0.6694410371242024,0.5518857982146912,1.3359863476090421,-132.92152055151703,83.25151599449441,-15.598819715084177,0.28595305265235027,0.06908577128640417,0.09472112928971556,0.408990611070287,0.3290211513641662,0.5398005658910338,1.1175994279210144,0.7042237984327684,0.013829800265220876,0.3024147930004521,1.28547121725347,-168.64617760168412,39.37683700484361,87.50507998960484,0.6129033657109425,0.39363773513576,0.7900485689940788,1.0395185749354607,0.0907883207067627,1.878828471720536,-0.45142679730882684,-0.5489589919475292,-0.8325625423716464,0.2732764487782653,1.4188415979736855,-139.58182880599458,39.42397851658332,88.49286591785506,0.09888791118592914,0.22849186854194056,0.24518982797639916,0.7245065306628268,1.6145772575740986,1.4492979990003187,0.38298707560576833,0.06696442939777479,0.8641058529551708,0.01587266736995084
1.61,-125.57277482874042,79.05186976378059,169.50782435785288,0.16002902881540315,0.4144630023236527,0.0547960122596003,0.7938352236440975,-0.057132753356913715,0.7668782983802119,0.6308716155431012,0.5133223659609016,-0.5306965756412394,0.37593948627985213,1.317020711422118,-132.92306484408894,83.38582026204224,-15.640900906500942,0.241636164236114,-0.09263924683807553,0.06050217759138507,0.7952265799716157,0.03267924164096904,0.28289014391948375,0.6485498888408834,0.4074324474585931,-0.07214048956452332,0.21978265102345784,1.5370600440118842,-167.79453376797716,40.050073192782655,87.54631280479369,0.4519740603722928,0.34416586146828193,0.6673242293137411,2.2617603165067166,2.1302903367815813,0.06420489594817011,-0.46974927793068855,-0.438097240977512,-1.1763850031755498,0.10723810338226497,1.3814308299073499,-139.87201794719687,39.34761256355725,88.05815318825931,0.2442568172194796,0.2695243232600636,0.602588995072449,0.2556769961898508,1.3434018778334105,1.504384194800943,0.5413213190384206,0.2035366543247291,0.9073118769305526,-0.047561359094455545
1.62,-125.02790327602061,78.71163601042915,169.95192254828234,0.26172029192967533,0.05735576399922379,-0.08420883708957266,0.07470304402505272,1.0292374478490227,1.4293587459811694,0.6944227359235025,0.6381430174519094,-0.6439426290795383,0.6295072249519863,1.105256966021488,-132.7637326578975,83.23351119749502,-15.501235796768562,0.0031798237767837606,0.2114343755866565,0.04007634295365303,1.2859196451655115,0.28418648504587635,0.5155304016450603,0.8279303733714733,0.8896242033101507,-0.15171167893556356,0.448984027378654,1.3871747087319406,-166.90268034075146,40.86519236803321,88.05269842927824,0.7468039173598127,0.37100873556877173,0.5362389272379454,2.151349097587486,1.15870759744744,0.8085905295381183,-0.20192424743443288,-0.190837434382006,-1.0078934701334608,0.2607459505372906,1.61821877511751,-140.13428987886627,39.998743040899114,87.71253708846481,0.16190826166254424,0.26210147427831,0.42530772886986956,0.3126219094125649,0.9961510635064768,1.9534410693066573,0.37185764934983695,0.20360146600687593,0.8487675508952774,-0.09947947975439414
1.63,-124.93309718833211,78.46226753703432,169.9593310835416,0.18443951190441193,0.05594873092694594,0.1517128383338771,0.1891073630172927,1.0744057951987476,1.7592875752563542,0.7058813168671665,0.6377808681509965,-0.3873716124624309,0.5107020643884157,1.293317396969801,-132.89320212350262,83.03296845360728,-15.80770475382145,0.13490514645731821,0.02740366097371947,-0.2480016277412923,0.9706511869804859,0.2659762627773174,0.6714042338199298,0.7972255456265884,0.7961872453826445,0.037339684767861675,0.1908686052567775,1.3256285623321622,-166.12086862127208,40.87803528845059,87.98471832228057,0.7335017325957627,0.37148611549954014,0.4582418552672705,2.2452546412524548,2.3061599437241806,0.963097527491209,-0.5721793635181791,-0.3763656401515035,-0.7793476321725981,0.13348960656842207,1.5137359856096206,-139.91446344767135,39.99027236013834,87.6485793150981,0.28400133022236496,0.21055237499812648,0.17387097861131637,0.6617693150924553,0.8182391864617977,1.1428621531497973,0.40636945896072246,0.30297624144278934,0.8921862083362466,-0.1601287820821341
1.64,-124.9362194584097,78.54706442721941,170.67352143467093,0.15853385466978398,0.10029996665469443,0.053447202172243066,0.5906679009853837,1.0030252768880166,1.5080625651823611,0.48558390331551116,0.4860367730408288,-0.4189100323714374,0.14400879433222172,1.4725726682481672,-132.34192306455378,83.11092604596631,-15.455681391482566,0.2529403574243654,0.09789595774843637,-0.0096187031626363,0.7650888003422757,-0.07036796033088795,0.9212339897508218,0.6768983678362509,0.5925257125687047,-0.29742716757645415,0.012338001799991428,1.3579694558843403,-165.61854652660435,41.32663786570351,88.25619273088851,0.960607776846742,0.2451089956383221,0.3387671199399431,2.0916054845389813,3.2145852023614094,0.6866599195952333,-0.09691555068195781,-0.0633938047198764,-0.8874572824945645,0.30871278265839147,1.4757999383666225,-139.5682982909581,40.27050944335753,87.44143931362488,-0.07296395090962647,0.5650082808879637,0.24197533185888054,1.1928022572983172,0.6928865452467927,0.5315985895410313,0.23031585899140655,0.19490163489993775,0.9143658274943467,0.15253344366753835
1.65,-124.14817447620948,78.45346969279562,171.05085602881013,0.7629786850904531,0.17178914417007296,0.07370323754209805,0.6004075423497612,0.43839672150495684,0.5541655539153939,0.8783813273375385,0.522821090997311,-0.4926876683110019,0.27325808778126603,1.5399284374991327,-132.14145130218637,83.04357964649499,-14.995806311282848,0.014269707216804928,-0.11537037703387712,0.09085207677336436,0.9741839921528811,0.4607779691369265,1.07768108640779,0.7117091624126335,0.8650456828086661,-0.22586622728528136,0.297570199627486,1.447564730627278,-164.69878472663402,41.018810023589076,88.70658442128547,0.929143551425705,0.4098775539579881,0.036527103416718554,0.13317151838134886,4.219286185004063,1.2752543454278893,-0.3308355856530667,-0.5129425705761129,-0.6681883761379162,0.31268271070326903,1.635023695342593,-139.72509061832451,40.651085961423476,86.7706937699264,0.44465172619552973,0.2630238646351635,0.3496068454287599,1.9434119793786313,0.3913786237695425,0.09565730548877813,0.3964787768155207,0.30334060928668616,0.720518381194979,-0.20458716649381095
1.66,-123.30419200151098,78.6485516764414,172.30096858730775,0.4683427860006129,-0.0403231361117124,-0.16378124577590736,0.2807562725015953,-0.07755668278479945,0.08533463826506592,0.4240842921232568,0.3686728605978375,-0.5424192422720502,0.6031792703827041,1.457587521525661,-132.02785988842402,82.91318364704836,-13.474245752158508,0.20943472232613827,0.14687650390723117,0.06106420323916441,0.7962560651913168,0.7980917272505561,0.6886703564760223,0.8181578785732028,0.966265092573072,-0.3314132793969782,0.2684392210432016,1.567488488034919,-164.21285164133403,40.93457104054336,88.90188287355323,0.33929655199259867,0.06412761560744294,0.7431184143684338,0.7077734341689413,0.3866601991367171,0.06083561558962029,-0.5571999236042569,-0.21479344920678134,-0.7553938788312158,0.43966607641612415,1.4946975711121346,-140.55893983220693,39.60922633390757,86.07789745430983,0.3703382000489277,-0.3148145258893882,0.6351412106615791,1.3786052307035404,-0.003076646600484824,1.6089672498408887,0.5283972411067105,0.13998899638910695,0.9230977837222895,-0.01778222576261165
1.67,-122.84606355896197,78.04549997958662,172.9402696472548,0.41248888060569444,0.03050012973405475,0.13962971508025615,0.3155337169322186,0.4996167536358087,0.32359499073148806,0.6692033594282152,0.48589193376948125,-0.3920986758836446,0.44682023836307294,1.5320712083722197,-131.9656560925935,82.72921686909464,-12.53896005955445,0.4913058990674424,0.43772474526000066,-0.07478930849194056,1.2725252458868177,0.9472645976019058,0.16441943646567253,0.8094107860286489,0.3975332738778428,0.016801507911779506,0.20094001710544687,1.6680317017724964,-164.77789166221558,40.471740951307304,89.27883307250212,0.32814446764054866,-0.02846648779928424,0.6330814634618961,0.6268216882050621,2.371708510982275,1.4290857407748658,-0.3225218521359132,-0.20873204976129683,-0.8923018909980686,0.36036129902101005,1.401594192767793,-141.0403080162085,40.0393588623823,85.78476913417941,0.03638542038171348,0.28617348846519775,0.34403668815322086,1.0286011632980838,0.5266070950976527,1.713785285700914,0.44535421035089645,0.14976548684484503,1.0110981194864919,-0.30187623904703265
1.68,-122.85130246103792,78.06621224172403,173.12838946364624,0.3665518585671569,0.3343330795154904,-0.1598888608264551,0.5821004974208472,0.4980797770168669,0.18337253146905408,0.44329964849373726,0.7056139525069265,-0.5545563044928223,0.5351668378375559,1.7431640050630948,-131.4771039793715,82.69044416022354,-11.710782825856032,0.27184681281364154,0.3503354714375557,0.04235549319902792,0.9978420014531383,1.1791827006677755,0.2509058214682444,0.9465060578766735,0.6212072342338776,-0.2622314528620926,0.45327326235692167,1.418880041267955,-164.94475216214983,39.860438399671416,89.37631787547741,0.4581557088945452,0.11348782338339602,0.2572795721107062,1.017696630393161,1.5831605987160926,0.9171938723715364,-0.5747670515976874,-0.20982895432498683,-0.9428308036800932,0.3358218070897572,1.2669001053595421,-141.03362142100715,39.92115935809448,85.62018430625083,0.12238301279166433,0.3730312225101597,0.31386592604931063,0.9215424654464052,1.0482732702611466,2.174953332909312,0.47323486175497537,0.4856341535878156,0.7350539836271878,-0.2624616197167545
1.69,-122.90611110834736,78.01428288710382,173.499112989058,0.12598140091758553,0.07934172739668038,0.04599603517218251,0.9764530985196532,0.43377180409396165,0.07518488220483029,0.387487786398138,0.6318056601909636,-0.6810987036726165,0.5941612245240938,2.0380947665419242,-131.2030406088083,82.2330003115382,-10.703662087002977,0.5717159401034801,0.24713143808455917,0.20308970343096794,0.5349810436492907,0.8416455505696309,0.4176301256827954,0.8622486945756918,0.5687708995198723,-0.4119455711126466,0.3524196412488868,1.584583622397129,-164.89927863161475,39.32948950632002,89.62084127026048,0.4711973675032418,0.25295049039874923,-0.025233803161998376,1.3134195912386517,0.6296004683430139,0.1673495037061546,-0.5466086247797555,-0.1283141178406721,-0.9724528014379654,0.30135585896305506,1.4480452398074621,-141.02630215870613,39.96742082564957,85.26560282616651,0.155974842829032,0.31311587333084157,0.19125223123914759,0.8423616885705032,1.221399124460637,2.374621702783595,0.5646431763032123,0.23329315723801436,0.8444750804727075,-0.2018061984074734
1.7,-122.43737334798942,77.76889414888696,174.0769502452583,0.3668689659007014,0.2886296260067508,-0.044732095015005115,1.1011166397697942,0.21774856356530597,0.25452055671491136,0.42489476633187817,0.48023987654368305,-0.09941204507427265,0.46972643969484174,1.5176407948448254,-130.73546550279582,82.2261632867349,-9.249665030054736,0.2361450098644605,-0.08329026362850933,0.015572646431538837,0.25101666736408984,0.043510783218548,0.16593982819383074,0.5472786311165475,0.6846218457367799,-0.24893461135629494,0.20599196822581275,1.559281382526259,-164.69969836043148,39.49683672538064,89.46802919472566,0.3444404356077911,0.23076830305717022,0.09878626817430622,1.7941974486346985,0.14805586767331747,1.272425508958579,-0.5866990714391922,-0.5251507716269479,-0.6506250795002559,0.19226236599583577,1.8449798338125414,-141.01348974840747,40.329518229943545,85.01933742936076,0.23455098539768554,0.05600174924886164,0.10513520542756377,0.5620597167078248,0.978831316196255,0.1983510471489277,0.6242567043915156,0.2480753034212162,0.6155175456263458,-0.13697715711975247
1.71,-121.77259393669638,77.55431957700173,173.84867805135667,0.1986703528257584,0.04115972557096183,-0.04262124734299828,0.5828779846105312,0.6030232163745661,0.15229765349791877,0.6371765852076106,0.47653952265546634,-0.4383518081908433,0.28884663155973594,1.5135939790211086,-130.486540072171,82.38487203128126,-8.301149981882164,0.5280395069620195,0.1696929753944523,0.040015489630491466,0.42796613348969675,0.232912026304875,0.15507607702451073,0.5284382349425998,0.7754792725327323,-0.34274998688252656,0.3623738407581708,1.5973860922550684,-163.9898828214256,39.83419604783999,89.38853560581377,0.12972497021638946,0.5162230813502785,0.3185178756265311,0.06427082773625573,0.34628657319404277,2.8495478357858857,-0.5408079538856361,-0.4230784028627701,-0.794340663490236,0.22120015471948537,1.3913370173816455,-141.5883172735132,39.6727886420423,84.72795849354715,0.0033730255781352775,0.05000026932900813,0.6884404073789444,0.55461990112905,0.6335253122211641,0.07906696351428395,0.486424475655297,0.14283558459154527,0.7337183464316307,-0.10006628447652581
1.72,-121.70987783421742,77.42380582422416,174.30048461267785,0.1972804242941142,0.1811428187207031,0.012835871954676045,0.5132191510453118,0.4980517453753986,0.6320107410985485,0.587382701968506,0.17855837652615436,-0.5325101517514758,0.2454621361971427,1.4971949273250527,-130.29635169058054,82.34591665008898,-7.695964630392606,0.2059943272120221,0.3058840107161661,-0.3149482179384727,0.5390415625827287,-0.19171573747994933,0.33417855801704643,0.6392705892098036,0.7102659887256718,-0.25167564056642366,0.32696526572379525,1.543516555605856,-162.9105958324938,40.078164414779266,89.76597299102211,0.14068624225267268,0.15755424288018904,0.4728137914994566,1.2099349744534955,1.132104161143671,0.7455465477217629,-0.6250902409037103,-0.32489583249165294,-0.8227197356023974,-0.09311674247804298,1.4351083989223314,-141.5650025811956,39.48635772939023,84.5955802442752,0.07044895421674677,-0.02339255920621569,-0.05390809517845939,1.4293980107105946,2.917375312500866,2.0639377916746438,0.4195360443870187,0.24015794396588364,0.9955481836904636,0.02088386395705654
1.73,-121.8068911328321,77.16624154307348,174.35391564946633,0.41863488294972967,0.10118441003356476,-0.17758844087939044,0.08391104603599703,0.42814962651860455,0.9155389434704237,0.5441341124790259,0.467134116716278,-0.4562277603647995,0.45604040198088813,1.4220725955447655,-130.29069610573274,81.73662063485843,-6.89051203183399,-0.01540959658919035,0.010902657762422052,-0.021320470601265892,0.46170288232078516,0.2945902324498954,0.41880500675605287,0.5689355624037415,0.7759691448706438,-0.3039293229742978,0.4107192709876479,1.3129859875032583,-162.49548098758476,40.775478422639466,89.11895214180493,-0.06700313185622475,0.3244855775355054,0.5540030062659371,1.201073855769005,0.552302529915364,0.5782657859130452,-0.49714449250192566,-0.18409673240233493,-0.9141733817520175,0.4570238822996019,1.2057493442091523,-140.85870659890784,39.8514164796981,84.38772367185517,-0.1538896300428949,0.3447805780378866,0.2544969995271435,0.44827620469395,1.2933667137540819,2.480456348794872,0.49836518211791314,0.36739362571022205,0.9760846045716003,-0.11447824380142167
1.74,-121.4831401186877,77.08751197178938,174.9456105196529,0.21455466898538533,-0.041360567063632704,0.13170701764609727,0.05504460192114741,0.18315336703721,0.6520588151644986,0.7336642035064803,0.8274612463486609,-0.583041484768415,0.32832758842635656,1.4260538507158713,-130.16197549249463,81.774597751827,-6.464980739750163,0.02752082272250935,0.1600804038831487,-0.26665080306379774,0.18319374055606044,0.3577983881869322,1.8875197990816512,0.4096104070802909,0.5971099089788675,-0.3568969194259183,0.3317440913380909,1.5531177228980262,-161.56211674838534,41.49569038917,89.09349838228337,0.2970514321778178,0.35747664210497054,0.37100934243279887,0.49926432980047536,2.082175992467948,1.7445973164401152,-0.5031448147528981,-0.11216085691727586,-0.8608883123428418,0.19251535067412726,1.6379407587389687,-140.1606498165878,40.36427659072563,84.20063447433078,0.17578541943118525,0.07101005335462682,0.32565045681541327,0.26485197263975324,0.9339872135449312,0.9779304216990592,0.5318688678458935,0.35379227594605017,0.8436245824826538,-0.23464796141186495
1.75,-120.93172061451158,77.31612473227545,174.82218368863894,0.12988802177526085,0.03673758580788172,0.1876428065359665,0.3167770139545843,0.07418965614018935,0.7963072402255544,0.352433378241286,0.3840209164357376,-0.39642907638249886,0.8089781073681162,1.2777262044189164,-130.10363160419766,81.71426052569171,-5.78639656768258,0.0025614422785954355,0.27781418289798554,-0.06036298771726179,0.1174481796668756,0.6666993158687701,1.036127930564616,0.5676435142531466,0.48589210244004405,-0.29893994070493324,0.2868771971103208,1.5479249117155274,-160.9033687378539,41.40056532924459,89.15594884222317,-0.09570099587592887,0.21321805298714497,-0.058949641744462745,0.4310403165484263,2.120700397665354,1.6358653824782632,-0.4373792365213322,-0.3435057565926192,-0.5939256170796361,0.15422312251997317,1.7275162532620727,-140.31337503622382,40.13747814880479,84.20225756383394,0.23191843545013252,0.09753189427531829,0.09237392664543027,0.5234906539133298,3.0550730276579476,0.4366623326764864,0.46448402737826633,0.03271986552152524,1.3738534973086425,-0.16266847376746074
1.76,-120.75581839434322,76.99462245607809,175.01598166119453,0.2984749938337479,0.13911641976650999,-0.2797147425172444,0.05518152672842544,0.31171571757343974,0.4640148210463542,0.49905319508988744,0.6220035421601047,-0.15647055367979928,0.46337582050312465,1.5411774783153753,-129.89192005867224,81.97053387631816,-5.65593733842521,0.10990924533161138,0.1274750991211681,-0.18686299234350656,0.2088068569656466,0.9629753654282429,0.22736297478493347,0.5210901892599524,0.9258500331593333,-0.3529380693612484,0.28486191734748534,1.7441261700513493,-161.19028650424823,41.28987609759234,89.25438179566764,0.042002263985169735,0.0762731228918204,0.051895775239109876,1.4967020021660369,1.7816920846556155,1.2337920907773607,-0.26180895501972473,-0.24134370852376752,-0.9999001882505749,0.21973078382167113,1.4768432354148364,-140.39622897148666,40.473106454347636,83.63069603259595,0.01067281480093063,-0.10744217093863914,0.09775709209261732,0.24829520004072758,0.29299822542350656,2.2048557466252876,0.76590665506622,0.20774410723083256,0.8710003821772615,-0.11742149117058658
1.77,-120.86864711149511,77.00701425525999,174.9698242009479,0.25096570047537986,0.1296940757077848,-0.26629662414551003,0.21565146411637393,0.2665038072604452,0.3016736220533624,0.6798990982669773,0.5383165958348554,-0.4151193623662106,0.46011888870647333,1.4249209080018352,-129.63431330806526,81.7429674469036,-4.51877999943405,0.10467375816084548,0.40596953130181407,0.00033039655557692144,0.6299854578235631,0.9538200091358089,0.06380980016594275,0.7154680872061902,0.45909408826722053,-0.29659612298054944,0.3098921336787719,1.700149658898175,-161.05468445507907,41.447452121711095,89.31900619163335,-0.07236894543294994,0.031722444201967764,0.2086030490200193,1.7048573432852572,1.4705553838440437,1.011856892955767,-0.31055295133785094,-0.10546701467978505,-0.9520698156337486,0.28904638553029854,1.7138818431612826,-139.9977855619813,40.24199345228602,83.61624991625229,0.01098819978292237,0.020057675660765727,0.0551234667000057,0.9925856801127708,0.2533980362046554,2.21887203558886,0.6322376561816299,0.24859245478376268,0.8690066684822062,-0.05254229137599554
1.78,-120.66183521829372,76.87118548298818,175.0689859446622,0.6061891601057112,-0.03697454803659304,-0.04085591953208139,0.2746059804333016,0.2542048656320276,0.43573945862112684,0.39077305095352716,0.6807810799987286,-0.5327457985037097,0.5896035709010308,1.4650282075667163,-129.61978959024336,81.32505960612168,-3.5720580688320744,0.33514229557214936,0.30054326545532284,0.24882033640684875,0.7025638097048889,0.6015707589838752,0.2957878942224295,0.5610439092958226,0.604155936606052,-0.06559130030726906,0.03732944155267631,1.37963032952953,-160.85201849666595,41.65582999158665,89.11186905058756,0.3141341698852034,-0.14355390893323533,0.48944113093509656,1.8013895750789506,0.8426431058301104,0.8316867988753373,-0.3489054487402255,-0.07057623536410997,-0.8396091703047124,0.23655246120811246,1.5603626074174597,-139.77145990590083,40.5546599100955,84.05358051255737,0.136883905116496,0.19036326268348797,0.061118694340752386,1.6445514727243649,0.5988916838350837,2.3612785270579244,0.24983143819073064,0.45093934194711993,0.42049867948601555,0.005705980609844445
1.79,-120.54855742529602,77.01598348864543,175.131048175714,0.14588082429021496,0.18799745373308882,-0.010169584306113547,0.24322296342742217,0.23600161216553356,0.8111371917339121,0.6726379498207953,0.35426065622664443,-0.7878343979705954,0.36171214136725516,1.387828323742238,-129.28344362683424,81.65617688365283,-3.084271088872033,0.017785276105525966,0.34507686987858843,0.0053777964435783795,0.2675287094651404,0.6916038192790477,0.6621824893304914,0.6691792626982078,0.6994108420685193,-0.33880859658501494,0.19361905687853037,1.7056964056958013,-161.3262800200895,41.691541150069625,89.19298551004123,0.144151831048306,0.22432183299866687,0.5105249029007595,2.0491160098613657,0.40483273628316396,0.7743767004779767,-0.5123594859340735,-0.2539419380635834,-0.7029873233428761,0.2663433795341126,1.5105700937080386,-138.98784797372352,40.6194061321194,84.03295439503137,0.229842404988591,0.21851663223733922,0.13943668636930467,1.600683484580684,0.7721016365171688,1.390422724205044,0.5191808890968659,0.35665283702526884,0.6129827801204512,-0.16356892813757012
1.8,-120.14515105543433,76.59377366947218,175.99353354105347,0.13648041032387287,0.2526283164697891,0.10529185334125393,0.4777695485221692,0.6185039085327054,1.1242558804478229,0.5136816025036957,0.3981293719788706,-0.3936319829601789,0.6272647229513284,1.5888103399812479,-129.22078422918594,81.45875189266474,-2.7696982660067038,0.13951741792222672,0.04141628184774043,0.23334058110096678,0.02564043598370694,0.022614090029595302,1.354993293679795,0.650315609731766,0.6482584353368036,-0.06836305194186268,0.33339488846169285,1.4014462641881247,-160.3129447436687,42.57602385547585,88.69707373912289,-0.16562236114743067,0.13259721267709274,1.1170812092594744,2.3262271874441636,0.97678539118567,0.6172641288600331,-0.48759083412272286,-0.41517122799707595,-0.8319642358756535,0.33303985505332434,1.6569306584419892,-138.48392112848043,40.987019246239164,83.93564735727658,0.2615619613753676,0.17371546427797518,0.022128704198995208,1.2195733781105098,0.5910793027072307,0.08241773446648577,0.6272123638642711,0.27093546240153,0.9610304395904206,-0.027273574443221628
1.81,-119.96761021071114,76.5946120416166,175.892311041244,0.2455822841949155,0.12577796409028974,-0.30841031173960703,0.08800580418688245,0.40008085476403765,0.9173757458308164,0.4411767450356953,0.3990738928935847,-0.5662433625202171,0.6257206707217859,1.717983544073824,-129.10844865336966,81.23417564074917,-2.752466144440092,0.5415260860210671,0.20229887025967425,0.0755796882677836,0.22000146114615815,0.5340590422405657,1.0160612338313428,0.6281229462974053,0.5261269909940639,-0.3977676665775462,0.14731118421189937,1.5199843203648036,-159.2636070301202,43.510453307487666,88.49213684239395,0.16515688677271825,0.4774224035800071,0.3774200647499439,1.0853801824010225,1.7240332338787805,1.1975195465157102,-0.4089396284283113,-0.23048819039691146,-0.7789205605342658,0.2678983678818584,1.5609619396762608,-137.4848560135007,41.74861467478453,84.22228624875362,0.46115137431980846,0.20113684380484595,0.2728425654316988,1.5498684817403126,1.1505366396264682,0.9479614929199336,0.6611360102790844,0.12023937427287237,0.8490723394050397,-0.0969178897143675
1.82,-119.73966304103836,76.91797808292657,175.9371359026046,0.22854111162749188,0.1888660490662028,-0.030531187688115455,0.14903056894505284,0.46635891472718705,0.7793327699976841,0.3621524463521689,0.4354853661750683,-0.5324291425101302,0.4855671548917404,1.6579415519630794,-128.84118057315155,81.2071473470087,-2.852945498086337,-0.2856470068024202,0.032218113970487516,0.0005540087792669512,0.7458403947458896,1.1008903975570539,0.24271606197934564,0.6034291593870057,0.6549740416607781,-0.004251842322573515,0.441367415857964,1.880308597921512,-159.28376886526866,43.15169430562627,88.61242829290923,-0.200671262061883,-0.030287446541594383,0.10030782397302462,0.2274128880533175,0.02036970961974091,1.0744453129769245,-0.5518116521687472,-0.42814055295011966,-0.7263933487538282,0.16884906545516873,1.751499710331024,-137.37166317557507,41.99427639144222,84.17702771740814,0.1536954002486531,0.1170789780316191,-0.0665713789196568,1.3787253047372376,1.82818927768655,1.475992095061416,0.5935480439323795,0.2042033807313122,0.8569916650428818,-0.08011141725587538
1.83,-119.57981619498806,76.54298101449041,176.22650395913453,0.2513439507121172,-0.18176935959298834,0.10662907054794178,0.5102471202720661,0.5704705608598775,0.36582981766936573,0.2937709249370665,0.4177249934405762,-0.5043828260528633,0.5621027343716538,1.7975342095566451,-128.6273624528565,81.09007431274205,-3.6643443004000606,-0.18336730473147803,0.0051276409950573865,0.21381414578981117,0.582961777641731,0.5548086033185758,1.2292574092873438,0.6420170361878313,0.5586914904332294,-0.20056804805396009,0.21047671037876206,1.8409350579258859,-159.97902293357868,42.742372558712745,88.24207273079526,-0.1706875717983492,0.022168511113071263,0.3789367732228838,0.7097854271370624,0.873254664648036,0.02198130972875975,-0.2870306400397222,-0.19156185316871843,-0.8423700481200675,0.22936809070962366,1.620523017187313,-137.29544293987126,41.866349081536725,84.30192331889764,0.148954046703397,-0.03747635539007576,0.5298048858422999,0.30197189262991764,0.9424169872085296,0.8532867240588384,0.5239704504255968,0.21805873860272296,0.7729588784264965,0.02833466551202024
1.84,-118.91174659552809,76.74577923096146,176.74744282257623,0.24395365652387668,0.16188883249734537,-0.019096172983878678,0.959317355649811,0.09068163063753924,0.9690517507577314,0.2674773520149861,0.2575605957989627,-0.5630284467629662,0.453608460953816,1.5110668744934521,-128.4050052696743,80.59287016199993,-3.870899620034679,0.1483844510365489,0.2613719150828056,0.3430516427387989,0.37199895432829166,0.592143289037285,0.9695461000493169,0.7507031523797008,0.5876816432162278,-0.1225568206402333,0.34392864843411597,1.5463701262196616,-159.85221059797786,42.58235843752099,88.29030035103216,0.08894209502351727,0.18309957720633546,-0.12132807782941019,0.8569525959394264,1.2394298605298553,0.07368273387395183,-0.34964300967688966,0.026905882615747244,-0.874795538323718,0.21815908077912538,1.7832254140744113,-137.52407789751194,41.56812605802958,83.69197508015368,-0.22690699681210894,-0.011811331973110406,0.1878915682416205,0.33502498627317356,0.10521028671319939,0.3776258140957225,0.43972327692917845,0.06888826534573472,1.223443519770209,0.010150035794891099
1.85,-118.81366557248488,77.0199400755042,176.93885668579532,0.02301913595241581,0.020829199996325386,-0.07223805245408613,1.274531583816155,0.036107290847369466,0.5235194290043897,0.6033518568050598,0.6117078048250645,-0.6189586151542144,0.8120960058673641,1.6173948894462042,-128.19714897878052,80.87226707801398,-3.1401140506750567,0.2723136151344341,0.4457462862123299,0.02426434080758481,-0.3748981524318684,0.3065574809150176,0.27583025410276524,0.6878629270151201,0.635044962701304,-0.4097890280997444,0.0065324898829536016,1.3858502261564545,-159.51160138327276,42.67306196190672,88.31593105398895,0.3762448815102739,0.3303066189193234,0.3029503370331579,1.1147139221243145,1.2624176449188405,1.1443512947324876,-0.20762953892978184,-0.07223818295498347,-0.8630656257725375,0.09314307879817396,1.9197224648241105,-137.27843832700162,42.042978010081725,83.8263596533628,0.08156299796315965,0.10446508148685829,0.3603689541191521,-0.06728635141319741,0.7817735934657855,1.553182294717951,0.3857020811839498,0.23764507648334493,0.5695483898389381,-0.05134732579340519
1.86,-118.81672814376402,76.4762246896916,177.17303130723394,0.13630254243711198,-0.12481211826703523,-0.175964025143506,1.4030491583636935,0.37077125313989745,0.2626913399602433,0.3940653823138566,0.5654175151968222,-0.37684054103479026,0.5789731787809003,1.4248212881263773,-127.8022050866633,81.15759908547697,-3.360589230732182,0.17923741861207193,0.20425297090191982,0.023143435053371676,1.2314166112375426,-0.1490677248949506,0.4097102143354398,0.7317677460731877,0.4783610645274511,-0.3277889927125941,0.10261821358147674,1.5370457738912497,-159.66434896090425,42.21980533339,88.11453609070703,0.12067593734815822,0.37673852974713756,0.41877201473058095,1.754312384192583,1.5271318973982717,1.6046190434675838,-0.5072963425352836,-0.3769906381799353,-0.8844806244392418,-0.047652830635876164,1.8099190571019006,-137.69704211857305,41.66041030802349,83.30344081113164,-0.068509104018138,0.09657080049959105,0.5280248128148916,1.4108491599948394,2.1162179611505962,0.2587605221731623,0.5391856089237168,0.14985998995072972,0.7229079623912874,-0.12094704832409489
1.87,-118.55901552389166,76.52660879018191,177.55079551920463,0.12016094872400421,0.2794255848018955,-0.029629773049553037,0.8480872952037108,0.283246284791744,0.41537954602537797,0.3554675082404994,0.5840001667285009,-0.3943679272297733,0.7891413813921526,1.8911635319101736,-127.47964863997356,81.06896157284898,-4.1478869519922155,0.039859285868601865,0.12792527593948755,0.01927628780093686,0.8200957556011979,0.9993928662264132,0.5588634644184178,0.9970290299608324,0.771778458485695,-0.40780379461760224,0.353987249189442,1.5797860168015754,-160.3301596801077,42.21386442611291,87.85934142509461,0.344513049794272,0.3318776545539329,0.04844324660222882,0.7381634203202192,0.05439780514375837,1.0495034683339322,-0.2954631115036723,-0.16720710556167392,-0.8137302930291185,0.17302108138675207,1.5570218752361098,-137.56732454014636,41.374846181545884,83.3312958704325,-0.16640461817071794,-0.044165654265332685,0.42225065147341034,1.8314043572979797,1.1321335132509505,1.0913999494154207,0.27197229204508644,0.1299079283628793,0.8592252042191537,0.17183597347249707
1.88,-118.47633354619403,76.52504118990801,177.65744565509533,0.3327049706661305,0.0013518088077928841,0.05307070076119673,0.4136849591620532,0.5588911198931177,0.3914647107267741,0.7182736489485431,0.4692262595319686,-0.4035523004912157,0.4433147030998244,1.8140644080144637,-127.16067899533567,81.11349127232954,-4.567694540651285,0.08044180439062504,-0.09260819979761387,0.1881578959932216,1.2900407508005491,0.8898775422001483,0.8977331559774603,0.7732020541559753,0.7159776947619568,-0.12728908655210283,0.06396400750140296,1.8851218349073608,-159.7556537263511,42.6071902170613,87.70107351352699,0.0818828195013504,0.16281963525551668,0.20322520793345797,1.2788123558971902,0.5348397057840362,0.7936967597498976,-0.4496886296063576,-0.0806038193706925,-0.7933454261594701,0.31118171463674976,1.8632687161212464,-137.95481264445124,41.26851489942718,83.1578034857596,0.2413172097877141,0.22272447873815743,0.05609973081170089,2.3224461301430317,0.2353472492385698,1.944245328190585,0.49721342243796013,0.3239915541755831,0.8452968597297026,-0.1453683630294402
1.89,-118.5712451434465,76.49426872328999,177.75529473290626,0.10661643412105379,-0.030827910510933726,0.04951513222193228,0.44372518945832007,0.5702714138786049,0.3329257984264882,0.5804556147256745,0.6265473903901593,-0.38245582082423835,0.4740231918293167,1.6635154023240275,-127.2267891602104,80.51477956125886,-4.216138705941386,0.24342958672052675,0.2782054643166564,0.22628724734433975,1.01896844646756,0.49673547286673825,0.8029467062380112,0.5940257936333375,0.48183270743681345,-0.2510524801520716,0.016958650488774846,1.803277653939741,-159.67019115186895,42.47130035738961,87.64553636034626,0.14216681225678252,0.10848193070929009,0.3071088972220717,1.3082613150613367,0.5760108605723331,0.5403610674297665,-0.39170616223584687,-0.17253525876097575,-0.782305981130924,0.23381047108227077,1.7116351136098957,-137.74696994234742,41.28960424020574,83.29189249047695,0.3047364046579594,0.2555507897242789,0.3076255211209584,1.4988247904013057,0.1553839725710738,1.467374082472773,0.47852794534323045,0.33456924694079204,0.8106930631286946,-0.29648955517210734
1.9,-118.10513958688355,76.45019975188661,178.0894787707659,-0.014610383095187076,0.16538845693690074,0.09432553035229999,0.12077649320990226,0.7364193442930259,0.6528389830364743,0.6800764237298602,0.6194436870865794,-0.5847073461768211,0.5448449172977653,1.5680467317861333,-126.99736304408216,80.24326367233698,-3.738867077680064,0.2914567036766883,0.31235842188363044,0.08486368741274254,0.7067423140373863,-0.13585979921580776,0.43457093795093743,0.692386544926402,0.43566142253288365,-0.15990906245962916,0.4286827678272793,1.849290361123416,-159.40242156195086,42.49967205666027,87.77053394971888,0.2316731097445059,0.17296449524166857,0.6960152898458213,1.45298559796979,0.8724317820615652,0.3428187700439791,0.05984197012266654,-0.2452275769381484,-1.0283684618374558,0.09802930165482461,1.5917270576119489,-137.66371714695836,41.49474578169202,83.27057988353798,0.04999028573538967,0.25875760336455345,0.3695148753569925,0.561855587881501,0.2688787967262715,0.6136778159133388,0.47370676869784917,0.3855917863394182,0.924871765736563,-0.4285924728381046
1.91,-117.9429738260651,76.46702716926079,178.22110397648441,0.028130968855974863,0.22387455071286314,0.42234132605924946,0.04171120752915014,0.4382600579712529,0.5288948017506857,0.4199168662310442,0.6900604851291602,-0.4989607931192018,0.5432046863785225,1.6982936224044798,-126.81310210845923,80.56687963496412,-4.030486580600211,0.20732734223950106,0.32861750354173425,0.21426162744909852,1.0610004885696291,0.055985710694217,0.4781584003306387,0.552234024644868,0.544825983621084,-0.15849332429835905,0.21893608412686544,1.6281992949956388,-159.15291602876064,43.02988014675961,87.53026693586763,0.3864927772945006,0.0202355391558178,0.2916012045435058,1.5485393346764165,0.6076599313872856,0.9767897303576374,-0.4304407871435147,-0.003520130828952077,-0.8819440161515851,0.2598122769819798,1.8929787870264494,-137.3531220707099,41.60859354931267,83.02826380747904,-0.051270496019012235,0.5087132213222261,0.19462300240603841,0.4201236157968647,0.11099062216756758,0.9388162842285648,0.26307745804357174,0.2632802938835894,0.7762203998347665,0.04764860347801994
1.92,-118.13301242369278,76.50873140063176,178.23574949709936,-0.12052061445339746,0.012725811526257381,-0.19051702090234285,0.2047569493936215,0.2638798907262236,0.6937814772307928,0.38610108595543713,0.25743311016351256,-0.6390625118811526,0.45952814137293135,1.7157616933415196,-126.83654463923521,80.59095749300236,-3.7762031818928783,0.3460970447843399,0.2226399169262521,-0.01910266786178425,1.2502035144531325,0.35375531437391905,0.40562224504170097,0.7497035832226306,0.5907326167629736,-0.2305184107137796,0.24604093466022922,1.784757431798077,-158.91874813312245,43.03544649172455,87.62294531475322,0.08484481481858087,0.1861251049906524,0.07892982945540086,0.6203151587388158,0.5642124281903272,1.712790615400694,-0.13120068336830532,-0.205745770140544,-0.999636014793324,0.20977369774791071,1.69020297976952,-136.61761458502738,42.12237124162608,83.02019525881136,0.08958933180723418,0.15255190704712623,0.3066438218751016,0.2535177947167785,-0.010676501249022904,1.3882360935417712,0.5139738670582791,0.19139736445813765,0.7986377900526211,-0.3486304296906496
1.93,-118.12665255008712,76.51787279409018,178.33306845142985,0.0060919131987335305,-0.1071553221026118,-0.025030873950152133,0.7778097888947477,-0.14841098883961684,0.893167996350872,0.4305930921356194,0.5879376523477622,-0.6740952059318295,0.27235839232475845,1.968300007034172,-126.23946542918078,80.16124882196031,-3.7568885419736078,0.08658294918122314,0.13617729813485963,0.16008799589182585,0.7819321689684221,-0.02531874682205043,0.3474590809285615,0.4869221457756119,0.6320647916028387,-0.4573980892428853,0.3089477442173164,1.9041481382074505,-159.01311582845267,42.81618012074393,87.74265304416535,0.1391268634201979,-0.10532181608351363,0.13359908867410766,1.2059534340780198,0.21416922450302714,1.788103639090946,-0.4124159157130554,-0.21894772199573476,-0.9228037793487718,0.2725269674296176,1.7628707085192485,-137.0746452620623,41.57397720977619,83.07475558931729,0.3499203897884924,0.15301231976261148,0.18932578680718343,1.3603587025909614,0.960854008953099,1.7030167044034303,0.6644215273866372,0.15724177815884083,0.8916033032398978,-0.05900507982244052
1.94,-118.3375482155907,76.30917895529781,178.34214799001128,-0.001544740943376588,0.35781127504313004,0.029638277414040633,0.40203330238489576,-0.003984992307571961,0.9639808099710278,0.4430019802399515,0.6868116455991861,-0.5710768838958964,0.4724245910814531,1.6815108452757634,-126.21982863641625,80.32332458601556,-3.7531987988924755,-0.15576014612002342,0.1985399547287498,-0.07330386931408567,0.7556265695885822,0.023627555972491755,1.0679752461186172,0.6523579543386733,0.6975969893977888,-0.42897842262679775,0.24197230201937264,1.570720643180695,-159.36383338320093,42.84841395966025,87.94416978165683,-0.05110013027875107,0.0960024796024557,0.48123450682666036,0.6673939591239567,0.6424499076772328,1.2161958058412126,-0.2556953017697373,-0.2985283310787981,-1.0754952545385836,0.18516604526793293,1.7685452794433172,-137.38508793470297,41.45817323953817,83.044777108905,0.2201694631010087,0.032371861193130534,0.29172405052081796,1.2333937470965284,0.7478168134911746,0.845192701373131,0.8112296507740667,0.30909279981858195,0.7396842998394182,-0.031919955019806046
1.95,-118.20250786655193,76.47094165420192,178.16871802131337,0.2948454505168047,-0.11491700250662477,0.10262017906990649,0.6726865795268371,0.6049913698186709,0.31275443799702757,0.5025380863263125,0.3835456758379296,-0.5459366410099752,0.5539336427000158,1.8620996597866766,-126.23240817489476,80.28158270379109,-4.13335725838112,0.12996320036963377,0.43613694145519777,-0.01723407539501727,0.16254214357947763,0.08207125222275241,1.1586213442531315,0.553555427952048,0.5378621292096561,-0.36806230937152745,0.24586672064071818,1.407419399087116,-159.22212494127749,42.78946146292503,88.17543684472136,0.27609102954011966,0.18395878472617905,0.21405058841955274,0.39910921744735145,0.3106376955423342,0.4837576121260068,-0.7785413812003692,-0.042138737892385675,-1.1300946603392568,0.061126202455536516,1.7209382001563927,-137.35107413284564,41.01964686139045,83.5311915462583,0.26958530291270855,0.11074058096341938,0.07733604848366346,0.9673463360131568,0.33953927508863346,0.6888442661654506,0.5306227869751938,0.18987995988491846,1.0370004396295511,-0.1675308670553506
1.96,-118.20778212068586,76.44917941190745,178.49812888619667,0.11367955924260591,0.025524208615493274,0.2033880694392774,-0.12101662922728876,0.11888773887788309,0.36515628303343584,0.41274622505995734,0.4278453972631363,-0.15420952135610083,0.6072777083814023,1.931351791934218,-126.25942939819285,80.34229107133136,-4.1817947624363,-0.0012223741292850532,0.004149037561675534,0.266708280171289,0.05697869180361836,0.3576580733022281,0.10268882437855367,0.7748561885912778,0.6076901637077321,-0.41615807955601725,0.31640899751784735,1.8397978022330754,-159.2283006633167,43.140186047335796,88.42677924889814,0.05911371913715672,0.21102403483476162,0.4513949068582563,1.1370748146327156,0.1853767185976039,0.9270928725350261,-0.5827497990519251,-0.26378650710156865,-0.7754054535404221,0.3330547444415999,1.7566825094362666,-137.2008764321523,41.51378710043765,83.2364513761006,-0.23484268103843417,-0.040284093445475004,0.2000482475550509,0.0262025090582821,0.21552535237810055,1.7605191958740187,0.38016136992658345,0.3545837094278138,0.9154073570939245,-0.15086634782254693
1.97,-118.0137509756639,76.49262799291361,178.72657468841794,0.34687825645326303,-0.07429558932839815,0.21682779494187743,0.04345836350152127,-0.020709320563780487,0.5922313457271808,0.484527892095993,0.21740287674719222,-0.4882129938551125,0.4039697858788542,1.8843884348931814,-126.50818341692904,80.36128827160685,-4.247060909000786,0.062059068761460445,0.12228231848317281,0.010351197162462451,0.15446615520441281,0.11321080663786355,0.7567680364916491,0.5261474634598046,0.7174430401068741,-0.20695441369541387,0.022150349043421735,1.7472879936623762,-158.7384565677428,43.74142456528975,88.38955773497945,0.27108076504413725,0.034152371591122097,0.7162678054410634,0.8828180124848481,0.7837959982841106,1.3300632490523219,-0.5200856038197263,-0.18550199416420096,-0.8957993335640029,0.25431111717332255,1.5525756906237234,-136.7397062288847,41.45919020245697,83.50985882574656,-0.08320001674021865,-0.1516475267821979,0.23810709346085335,0.5937497950286175,1.384683088640614,0.6404058892362712,0.41484297232420153,0.26553495293530816,0.7284395950579651,-0.07197198870413626
1.98,-118.25910357684774,76.54287348067375,178.71697909199108,-0.038369539986419274,-0.075736811123613,0.12947407884601553,0.4834195914297981,0.13758115425809012,0.5806475369744111,0.36844685789546283,0.30049301098136016,-0.28748723705294443,0.44435395077027384,1.7176452873011179,-126.46377213206374,80.57173694324142,-3.8546986764439857,0.18181203864071835,0.15318932722681108,0.2893448575584132,0.4356029607546598,0.10344689627006845,0.2945224764884391,0.514550262011404,0.6465697945637259,-0.27126464883919066,0.21203394523556768,1.9020290018954447,-158.37799453304444,44.07656196035417,88.68483121644955,0.005618848523339437,-0.001520495942925422,0.20996580188778768,-0.27226007890426196,0.9772126868125425,1.2221563532369837,-0.5155370748120128,-0.32596069967695573,-0.6497783016312374,0.13685177566832063,1.9620913715599868,-136.30731634528513,41.8572809813483,83.88743021019775,-0.129977842576936,0.24435085515247118,0.3925213005413849,0.4172179907791326,0.42525607628962114,0.7174519721715974,0.5374429495243861,0.2045166041273451,0.7723629469182985,-0.010085031502428066
1.99,-118.04704985626,76.40020921967161,179.18092087829908,0.20495469178653059,0.1622838036912641,0.09128486164039887,0.2537801465197577,-0.03030127626188786,0.4898320083002206,0.5120251529576305,0.5046679168380743,-0.30807979466876106,0.33279091016816487,1.6533858043174448,-126.48406248002988,79.96543198058342,-3.283730292167433,0.36070114251836183,-0.2236155453116491,0.16408310681693378,0.43341739882274155,0.09471417170846565,0.05157350303911754,0.41242010974385196,0.5133104438816563,-0.044581065529990985,0.2606084123764866,1.893694522941835,-158.8806590998808,43.918992005904016,88.4107122450592,0.15921913393557743,-0.07192478358911424,-0.2232432614833307,0.17243507425650018,1.0103614559290914,0.1282742588439177,-0.5975397095119093,-0.10353262285511275,-0.8471511218954146,0.21638024636904168,1.8687235883595374,-136.1558215459505,42.084235502126724,83.78299258673437,0.10749025135641173,-0.05710292455042981,0.2251793062851217,0.3083868940871789,0.1855564212165647,1.0248138172372048,0.666372044132539,0.5945517373532676,0.5471895097615215,-0.007509772508111842
2.0,-118.43467044815885,76.48513629224088,179.52669974427172,0.0382800403301185,0.09970085700432998,-0.2256380274241516,0.13873590121640708,0.46057485273613574,0.4470702844562272,0.7502742447095254,0.43232047214302755,-0.3363890706790068,0.16205881947558726,2.022135440580826,-126.57600963697574,80.10475088996458,-3.2247227908088165,0.04313869899964519,-0.21104237937253764,-0.04289015829899977,0.07572008798095314,0.3380623829590909,0.4404166513366674,0.6270033129428462,0.8470425988798606,-0.38155587933447965,0.05698957184047297,1.7203067606087057,-159.0286978637057,43.72191377878899,88.73427581027934,0.018093098548066705,0.2443228974385997,-0.03939621514333884,0.5950068828041304,1.210449558494026,0.3993091536669833,-0.3235767650265329,0.018280093236140785,-0.9321182232455246,0.23093188588716537,1.9619959054343976,-135.88711351471116,42.09688770116825,84.25215333785941,0.1354698176095329,0.0764134042245421,-0.025740486680150693,0.601330443281038,0.14355273399809854,1.1061745981308821,0.45325598037885384,0.2842403735131058,0.7667584990312063,-0.04158153552854393
2.01,-118.39283356453303,76.45097754965136,179.4075535723141,0.0048143339084587705,-0.08943399540614659,0.22384176198435307,0.3033020201903033,0.5487541916047609,0.45428708358742276,0.42159764593011045,0.5757188074675956,-0.3608201186272495,0.41221947204346215,1.577914113260395,-126.50852084025597,80.01780850324292,-3.2468671325274836,-0.10804385698752468,-0.030489240969837406,-0.04239166528129538,0.33824714951432305,0.3664626619074227,0.7426538275107606,0.35229858555976623,0.7634687554301608,-0.25968821082657967,0.20729549705318603,1.8286015283302406,-159.18207421358827,44.14459574975224,88.53390278017017,0.015761440488324605,0.06250085860523862,0.17999137082781536,0.5854531624252451,1.4477187055945937,0.6526434788464942,-0.13444209312287883,-0.06468531411458182,-0.8832393271296075,0.40145416681992563,1.67132620574435,-135.7514618574997,41.912287454110825,84.20294876296525,-0.13657034188439057,0.1406517082175104,0.17592741292262254,1.2459727309819022,0.31532223918294155,0.4049107474674782,0.5988815614366911,0.4105237036373723,1.0106293303326561,-0.07584199414741942
2.02,-118.15063685104215,76.37032840564643,179.35124115097963,0.17297187483925028,0.2592557457824027,-0.2615065721899859,0.02856084306392185,0.22675508991066823,0.44063895577450213,0.5480942840275891,0.38571882712529,-0.3637484957205449,0.3373575399113345,2.0702829582580105,-126.86803519251394,79.96825947479095,-3.1668987249598475,0.1191593968934894,0.1580693949316671,0.17987449127299654,0.8444648136124075,0.5131604574792199,1.0336548366957892,0.6668117513676158,0.6753674101113192,-0.5912327935857585,0.335856948243901,1.8705926372716393,-158.5949520465523,44.28828413532795,88.61926704679863,0.012807220780723716,0.11377701605707317,0.13713429432281876,0.8331548325595842,0.7550206632568983,0.09601861692034314,-0.4961205242516459,0.17330106343538004,-1.003451381983314,0.20503872999436712,1.7280400258579702,-135.63838390141157,42.166628851117714,84.1625320656282,0.33730389521564463,-0.030726880324950606,-0.09547028010731426,0.9263669157768454,0.4972836177063857,0.06923637774935801,0.31755098536892434,0.10265199417306561,0.6037358489619312,-0.053340305485729135
2.03,-117.927751911185,76.36227156412535,179.5556836318671,0.1519341592735775,-0.18481238632148228,0.2918985868639922,0.10457947189104438,0.41963460699698063,0.46769096780738384,0.4889162294804362,0.44587772498798794,-0.3125500675218057,0.3706673375330264,1.562418937051178,-126.70376352738175,80.05415692304989,-3.386133767091518,0.07758048069086289,-0.06643003265189594,0.3149094318434146,0.2451475938519444,0.11685107920202382,0.840096801178521,0.5211469250549916,0.8717152186036125,-0.26539985139716277,0.3168265431492467,1.9302891887027624,-158.5850327031498,44.395499109958664,89.03266221599017,0.0619778202484422,-0.03990905384224917,0.15363873119645058,-0.17619339474459134,1.672530365103413,0.34706500475485846,-0.35990364829056415,-0.022407497736620915,-0.776697166181671,0.3534551667903364,1.9055006283829206,-135.30920633766914,42.621402516202735,84.29296297229496,0.26058568738004206,0.20451021480009476,0.21975367688561578,0.5560264291030129,0.7769729679423696,-0.09417763292462356,0.5292501171017786,0.1751372085607419,0.9183324028999794,0.009260770305898072
2.04,-118.17232728780411,76.3032788983246,179.60782448942402,0.10673072101671963,-0.026977612614416245,-0.01992137859224142,-0.20359058097546992,0.04836088218545884,0.5921822716418005,0.5110663393297982,0.3165282712292765,-0.28302942907360645,0.5679792580518609,1.5791550117347921,-126.73382537020211,80.72072449235114,-3.4537924399074673,0.1255801135428361,0.13274089139606915,0.27394967043721585,0.33220978180169497,0.2985315887959089,0.2243019998521421,0.6758555221972317,0.6263549592938704,-0.26938543210629445,0.5395769212882328,1.7391590650805708,-158.43738006528582,44.38018330308672,88.81906844530397,0.14288427244706756,0.16532415733046246,0.1288991341685341,0.13093637740833086,1.1517246185860335,0.3065833502599429,-0.49205984116778684,0.12616973443102342,-0.7897021758041939,0.338939511052445,2.049399805853757,-135.48472533761097,42.75832628183301,84.10393156238611,0.02247685908669543,-0.04030208539110618,-0.053552032121501975,0.4561339752230119,0.7487903853975302,0.9938910460349576,0.6289107434146396,0.11120141100142895,0.8917389466402537,-0.1183175904221251
2.05,-117.93634316604377,76.47752517435922,179.4891784171346,0.10559173321433474,0.3781579224001462,0.09370903734055652,0.17248629548260075,0.08075660900658276,0.14923730152683937,0.46305060025027367,0.31352702073256283,-0.47570765450861785,0.4836504725038491,1.7851905927603462,-126.62620307039937,80.21360381747294,-3.4256051616577374,0.006206968161948838,0.07484827336293082,0.18583328185355558,0.32245097047725263,0.047230008336379074,0.18033249166982518,0.354783886747303,0.6429368194255632,-0.29756131643592565,0.193803492642414,1.975365034778557,-158.4998924681005,44.25057346510126,88.98457386107405,-0.03145831884201787,-0.054165948531734585,-0.01985061407930573,0.3403010421487032,0.6251811795516313,0.2948929031547666,-0.5552049662490844,-0.11275209110370149,-0.7691263237641937,0.3619999516466226,1.806625313461944,-135.37124791333008,42.680930853896214,84.44837751927113,0.2673006339296141,0.13826284056441587,0.09001271609369628,0.49769008288095645,0.726115869435242,1.692576721132529,0.40287291773503775,0.07203310975901965,0.8915448468011806,-0.03635449802432542
2.06,-117.85039643379397,76.4711582669438,179.58870809277607,-0.021342164346472098,0.0404651892393367,-0.262306083768846,0.691055162679202,0.0239997850785814,0.8158292232310338,0.576825264800412,0.21672995697012126,-0.5131403712339454,0.42248379876162523,1.8378660280599457,-126.6995952454562,80.11805178735653,-2.819715535139425,-0.03828922447556517,0.12653220251822267,0.14516232712088045,0.666703626571032,0.1489138252965405,0.5458302800397815,0.7954507085804756,0.5782296741501528,-0.09029580719590224,0.1464172917916059,1.8835691135433783,-158.57732135260366,44.220675574958705,89.50725616074615,-0.08768828304477809,0.1531461494616141,0.12964628076093548,1.1969947287399267,0.033726533649721696,0.3459129761122397,-0.20414956246404667,-0.10522726823804074,-0.9053636957421299,0.1596558992611809,1.9208967151168956,-135.84984431682298,42.54059264678808,83.76141254054839,0.103115939277154,-0.1083427347945807,0.09995111450602441,0.27364284011845674,0.7826673131285944,0.8537487008301821,0.6949245626464734,0.3293730716850345,1.0546026411935843,0.030465787201499075
2.07,-117.76694246074894,76.5161168674723,180.28095284073527,0.17661104584187362,0.23335554926546317,0.05080256456180125,0.6174761951539235,0.43658972971956556,0.5508300718459256,0.6256272151210703,0.18317882170715466,-0.4604892761689391,0.7248838696105717,1.569599166200228,-126.61415927466695,79.95005214774342,-3.116604222716846,-0.11287238338394329,-0.0600227633346192,0.026627363349942576,0.2663022873721147,0.05879823409690623,0.1420041489538327,0.700756623054392,0.6762819932577759,-0.23561691730752984,0.23758102898380454,1.8050659900564217,-158.578266149643,44.58457510843175,89.30287290075711,-0.10601766465163737,0.21270574173529225,0.41381277682558193,1.0470251853739523,1.7829004832087352,0.5793156369222323,-0.351114321279888,-0.21778886883806126,-0.7964914913043598,0.11786186650806997,2.039493863928622,-136.12341357479295,42.377981019748205,83.82436400876838,0.1234525300083676,-0.10916920294999186,0.3422493130714478,0.5550069348601052,0.2292109486698032,0.09562755429216184,0.39435614503289357,0.4775145569096034,0.9541071116361541,0.1311100769976303
2.08,-117.8797552991441,76.9406840642796,180.24086947132534,0.15007456186254678,0.003897787725945623,0.014728499554589866,0.2515704927582432,0.04479426547401369,0.6097577891843542,0.7310814778701545,0.4639428048527671,-0.8872307744281359,0.6386767654101553,1.9260045392892733,-126.82793315064856,79.94077067292929,-4.254807702850121,0.12770621570791205,0.33137750508413083,-0.17809789918757118,0.5942049953027584,0.26423731452646554,1.9318158878410001,0.7490840181946138,0.6280664835827521,-0.3506994374265081,0.36379504286817504,2.203325811265059,-158.4641616698208,44.53455289654405,89.4614206320033,0.1435366137637439,0.1660337922831046,-0.020802504485748316,0.021643416733357027,0.2151706938215518,0.9801285218138321,-0.38934740844267085,-0.1330659359032939,-0.8666235575489857,-0.007949147133319678,1.8778758091134677,-135.89778180405963,42.76848566042787,83.83460857475319,0.046494650009083476,-0.06740622112204778,0.47246390726638965,0.4770494640273105,1.5929398185549613,1.1341787021379035,0.6403017954826432,0.19276834450416308,1.062431771414986,0.1824584411191943
2.09,-117.81570815661766,76.59375786062682,179.70566047273283,-0.20317470204536958,-0.010721066176103862,0.020643976355467226,-0.03368931752324361,0.08501708216101085,0.7155694855960025,0.5063100304869971,0.3030092626895433,-0.7586384119621221,0.5071372898404812,1.9540758662732811,-126.75447883901529,80.24992396569193,-4.729089847280967,0.022627949234521078,0.07285343231302746,0.17177740463122004,0.5712782440763573,0.2999863045344412,0.5582677940277004,0.9780589718434956,0.6645784083376629,-0.09374245197854386,0.2533042134852388,1.879222372353499,-158.6989815959301,44.944406103623,89.52242743823282,0.0860745019545927,-0.007461736727192594,0.15268659992084144,1.384951930430785,1.6148918645700068,0.6535669317779012,-0.6171654640007235,-0.18412382513361483,-0.6611522963059203,0.18421779373759425,1.8240539992064473,-135.68870989385155,42.94157002506135,83.98271740878792,0.007167135241652842,0.174403351843764,0.16830281244921444,0.940106835426169,0.5953053427230096,2.52405216700415,0.4788792763473814,0.10180386706267487,0.9080084808247925,0.10783529414310733
2.1,-117.66766247632434,76.414540628947,179.50781149557366,0.23981781954811643,-0.16177611618659177,-0.10632934783688729,0.16234707968093437,0.2730042941134729,0.7786061462200221,0.47753923104194984,0.32744173479290223,-0.42531254140937846,0.556641438712208,1.7747670688484847,-126.54032966301637,80.37194176622032,-4.4048399328258,0.08757107567774317,0.23511176574536122,0.14918904256707657,0.6115532601527532,0.29122707376108037,0.4982205991340134,0.6057771158210227,0.7497189883691686,-0.35355455259635155,0.598922502062945,1.9154651420510458,-158.65060349706448,44.85342757620155,89.4959149346821,0.013242198031846175,0.2505192105598289,0.011181717962910724,0.8022693430017558,1.3684455614737354,0.617565874299481,-0.6091552208909041,-0.27433267338381934,-0.7521307084384015,0.3977514019153921,1.7425006956683973,-135.736128948454,42.96463576459412,83.8844978699192,0.13660340887746933,-0.12138143252240705,0.1287762516047668,1.2924269715660943,1.1898701979501416,1.9084279179614485,0.648170056132664,0.2526237502385372,0.7148314706736274,0.01113285705011053
2.11,-117.66774901676567,76.72050311381946,179.56130568954185,0.18360461821178872,-0.26405062060599366,-0.04914720269829219,0.4716525388023063,0.22330275401185137,0.8952102753760132,0.6219947093728081,0.36964209635218886,-0.6693260447359182,0.35412578794195143,1.9054961296033703,-126.34721888009578,80.19147046121081,-4.086776042996303,0.3249415615700834,0.10918239001795671,0.011578644261672016,0.4883639293187984,0.4278686362859092,0.335294776954005,0.5068914814760894,0.6231903738673761,-0.5593232653878151,0.04936717527912471,1.9258549858857363,-158.61629554099136,45.00223164829485,89.53840988797421,-0.16728685248017341,0.2042827854216881,-0.03951565183982447,0.02947503965167373,1.428934015204696,0.5009229943828806,-0.35010279811592165,-0.3050621885515432,-0.7825443112999955,0.37556987250861945,1.9173786978595126,-136.0005263230482,43.017710220245334,83.86170224231866,0.26905038003475135,0.16490286624451037,0.13957873600264104,1.743632946352327,1.7426525886295288,1.2517881641697457,0.37010195427337333,0.12299693272119055,0.811315014757943,0.1578259915195615
2.12,-117.04241550507257,76.2226174449467,179.65194584494688,0.12446735527558012,-0.08703970851620076,-0.08110156836088778,0.6342679936958838,0.170281414044571,0.8966220715800376,0.6966681207752323,0.5039891058456839,-0.3824288651125417,0.3745433758785641,1.9731411199829423,-126.19558755659449,79.76802877353056,-3.406851781625603,0.24608055765737177,0.10596597839908409,0.03699203603279888,0.3945182019208334,0.36531266117742867,0.481709721020384,0.7160321843615916,0.8209620733776544,-0.17582169729624852,0.15546542940291908,2.014098305016454,-158.65557414390446,45.143012788186205,89.63551016760368,0.17611558506001795,0.17485642392893036,0.28081342442040963,1.0068828354649595,0.16523093862145738,0.15511887918155431,-0.48635828787933205,-0.16194083114873487,-0.6986639401707943,0.08298385833727175,1.8927881443162244,-135.4252890012442,42.946068440944835,83.84385612549569,0.22316348976485556,-0.12702581444535854,-0.03822134487278215,1.3426635795008313,1.2085421425586735,0.6554388355177713,0.4405598467789188,0.09215449352055705,0.9539989566793361,-0.01709732198022286
2.13,-117.20761161962702,76.30258005609248,179.33947813635552,-0.20956102742614333,0.19535092195479498,0.07162940838475479,0.7545056579192685,0.7273613492409294,0.4338230043373318,0.6371935742838346,0.25823221508724675,-0.28487524511961754,0.7183722613788437,2.052427058462574,-126.23357311674971,80.10825331676466,-3.866191469343006,0.1439578788418761,0.29951106511627235,0.17687379726134533,0.13631325802267674,0.09077671374610877,1.0837027907106518,0.6409595043095637,0.9196647548620906,-0.22192406530562037,0.2894116868738601,1.8848950276787038,-158.56754627208733,45.28304230823772,89.46309016428377,0.22413054522156514,0.3620981013811353,0.2225342781499677,0.8203128087508571,1.2117863722761764,0.3205071749768564,-0.4708518094650521,0.06615896304547976,-0.9163552816813513,0.011692978218577316,1.6262523896731849,-134.9044177049351,43.62905106767763,84.4582926696027,0.21499644972929927,-0.08244116134867013,0.47701323535904044,0.25156419470198793,0.42230023643395365,0.20159295499513163,0.5027519229193621,0.10368080708271094,0.8782696042755159,-0.3125621482901825
2.14,-116.90544551849759,76.3390669287352,178.87835726431143,0.049014626573505124,-0.10472837704893805,-0.03185418608463524,0.34459128581554727,0.3436929850779327,0.09366021380165625,0.6858713785093885,0.7235230771527784,-0.45645028156551887,0.3597429346847711,1.805396804108422,-126.05802228650624,79.73251682812408,-4.4007232212753955,0.15536969056282365,0.014836406796591248,0.15163781555716865,0.09480126318398464,0.0087158039308033,0.8679235073999342,0.6496721723168583,0.6947445074119863,-0.2190619385054086,0.12932806851708983,1.8102835357915086,-157.94992723229558,45.668719286661464,89.60661848805303,0.0654632052302924,-0.006112412605728701,0.38586813237605655,0.8080307826163954,1.166710383209273,0.2742375021885781,-0.5454832916853655,-0.24204185365095787,-0.8682800724143718,-0.1498719817685771,1.8411237320857423,-134.60559057491642,44.195658710404466,84.52095745514583,0.08061920292712677,0.11280691690041898,0.36031150220483465,0.8340608392564561,0.10383380380302211,1.2496527830780353,0.5968700621963893,0.22254540471522458,1.051554162294878,0.11004730808144644
2.15,-116.87068289893918,76.09611681213673,178.9926706768688,-0.07232562889369541,0.1577558547575264,0.2197402041460682,0.32347155380761095,0.27729212682956983,0.3066299250671065,0.7371055917670815,0.8258131945020908,-0.6824683359350716,0.657847153053886,1.954015565101552,-125.53460811291863,80.08150150612812,-5.030317308861748,-0.0587210232207101,0.16735099805774814,-0.03707692240817266,0.3517110125781786,0.2754182812277878,0.22528871865570355,0.9815959825887153,0.5775642144831329,-0.36955871449963734,0.13695420870585304,1.9639070768575375,-157.87534440249257,45.63249139464241,89.67629568537734,0.03349617089255627,-0.07388446107245375,-0.08760349761805655,1.0901989864665778,0.34384408057357396,0.1690474968135732,-0.522428941767405,-0.4503992223501133,-1.147280101238271,0.1067605623747343,1.8831732488235862,-135.18486324778422,43.97688600183435,84.49689782019865,-0.09707169369077495,0.24423069482412657,0.051805334613002206,0.8549412994056587,0.0579204211220008,0.7917217819675617,0.5480146638424175,0.21079383071604005,0.7710664270479113,-0.0281267061038295
2.16,-116.86841557592685,76.04960830174474,179.31457641468558,-0.013556450789010754,0.12027156458987359,-0.2095702859124584,0.19004508850253737,0.05460787926194554,0.9566017919282335,0.40983364397416,0.27564141903461314,-0.7464260085088003,0.5393848193076805,1.848245997811412,-125.32566076350219,79.79467151845934,-4.167773090167745,-0.032712816421019315,0.13549045392745585,0.12396299346739484,0.23555168447902988,0.15128757844022825,0.4837792986540807,0.6010753959844544,0.7814182555026224,-0.46015193581545455,0.38917908188251416,2.1034016005879783,-158.11719802424187,45.38705533295529,89.5611147784557,-0.024681937211155983,-0.030576193104044497,-0.18880418752972586,0.8667886039605185,0.38820810323198846,0.37797106359336435,-0.37905303068301127,-0.5574837554025431,-0.9101744064359102,-0.0591688303805768,1.896156362902191,-135.63720211722224,43.844969101288804,84.73057985828201,0.0384005913826178,-0.07910806281499293,0.08066846198536377,0.9858663153006318,0.5268914443935034,1.0866848547031707,0.4537185587251414,0.2602308056708839,0.8441248818348512,-0.03234536394777522
2.17,-117.0019724512634,75.86492681634188,179.22333466943422,-0.0013012908964640524,-0.10399844376422651,0.014978042962114007,0.214677728769957,0.1590734454358176,0.641228311563651,0.40334645715094214,0.49085628353909666,-0.7680270794950093,0.4532009928643561,2.1220325142920062,-125.6886942299159,79.67550887209089,-4.80481814346048,-0.042173473300609644,-0.07553010847496423,0.09614643137544711,0.6264180294265306,0.053045789165173156,0.8646010816034386,0.6297863954458193,0.6627849159166181,-0.35793205807566847,0.3311393911594814,1.9973676999803287,-158.1731592642923,45.4286710677401,89.88506663309701,-0.01951924050333978,0.349026652047196,-0.06335410891365288,1.082283294160015,0.28165070360268196,0.5217269744217322,-0.24693417121547517,-0.23988388990479506,-0.9068054372806289,0.05953490839271133,1.8190913256198422,-135.47788547716598,43.63462934596512,84.57987758014293,-0.13320849389790232,0.40261573362740327,0.16613233715974185,0.43134856543508066,0.4872208332261566,0.885354789141524,0.6646694415097649,0.20559173314951146,0.7922572478084157,-0.17659889269959528
2.18,-116.68915564182264,76.24013406577717,179.22441847445424,-0.13059790570798324,0.019274403041932245,-0.010496079836655084,0.1571200619687506,0.03571630964952893,0.7765878923140329,0.5422253192230723,0.3117264931306455,-0.6680273212486841,0.518586899910946,1.974702324770267,-125.57886031009447,79.66998041318014,-4.725909737863015,-0.03585576046061115,0.17554781777924244,0.18917105445722754,0.29330130369893853,0.3472205338553028,0.6354980058012619,0.5217529813346292,0.45398558170966363,-0.22351645140638668,0.2102885102574061,1.7516568541883275,-158.31066712932198,45.306708625109096,89.6007144363603,0.10605625166877158,0.2606118198976647,0.310441311350263,0.6859420425053336,0.845888817323288,0.5756095782847168,-0.4752358992624707,-0.015481172152600559,-0.7903888459153965,0.31254665196482084,1.5659500491454021,-135.61058538297343,43.5531552565987,84.58940479372568,-0.027252908036880522,0.005798350615899686,0.04181742764133756,0.20997715788535715,0.5175962323165612,1.2715491088822322,0.6396200323566406,0.5080068056332827,0.8614517965131232,0.020040644025264898
2.19,-116.91791383857091,76.25751207258261,178.95659430122444,0.23935389111741737,-0.0047525509366274435,0.008048409099515444,0.1404056498299647,0.037035955119878075,0.6451582589650664,0.2588414804311049,0.5495928147741033,-0.6105659968567442,0.6770880112978592,1.8077140243061873,-125.60490618771598,79.7672804928328,-5.120742562673968,0.24575985345506057,-0.01949605333818496,0.005689338940640269,-0.06727882820157893,0.1735836926694335,0.9548171820282984,0.7378875179832914,0.6518514074697764,-0.18233267944754586,0.19016486725768128,1.9149278622309989,-158.1393640263153,45.05190908401178,89.42860750994141,0.14407245160231663,0.24204402819671353,-0.09257920239872164,-0.003467921531099094,1.4158279511756513,0.7822097684758245,-0.27649194879296024,-0.1792610613488254,-0.848466574128358,0.3352509653540621,1.9971502103954144,-135.5760155400523,43.50872900915253,84.59354220405693,-0.1165196208870398,-0.09817164381803872,0.09054846228533237,0.2835506647073939,0.3281111840605706,0.8706158829899243,0.5914549085116134,0.3337701168306979,1.18939084769789,-0.1177788393009643
2.2,-116.75178668185737,76.17370190626443,179.24732758740683,0.24310835884327217,-0.03972382699915307,-0.027576372108558678,0.02473580834785205,0.020975014203495727,0.3548308714502092,0.5408628017618013,0.7359585162697365,-0.5249796133211859,0.4949574127962578,1.870897907946254,-125.46260495197109,79.6034012463333,-5.687974826921661,0.10199698634252552,0.1528485479959392,0.21072876390176404,1.0221305881180647,0.6361212536736207,0.20030430400136817,0.7358990969543437,0.6444756478077126,-0.20752507564319417,0.2328307815483797,2.1112353480373174,-158.40937345042164,45.04976852827603,89.64720058705217,-0.004160109615433602,0.2406414848113828,0.07650434278885057,0.6194515355772406,0.606751658915426,1.0877542226279142,-0.30079406534194497,-0.385367756806528,-1.0364117727038122,0.29191582329407173,1.9212010412966989,-136.17143981264067,43.0336848597073,84.8846138393566,0.11218583689923735,0.10265614107305929,0.47840093476238316,0.345897453722523,0.008971680034145238,1.2313045134475464,0.3207931833524841,0.26466968276189246,0.4054193182794351,-0.17065419174218302
2.21,-116.54097493504717,76.1619236853522,179.03678569435203,0.07651316281035218,0.20346198408096317,-0.13767248109090846,0.3037956463673238,0.17817705932726402,0.28575967732114915,0.4200227338164054,0.38271037299494826,-0.3431576120018283,0.5976632075632773,2.0076605867531816,-125.32168953039952,79.55670195011733,-5.138576160754983,0.1562388206061837,0.22172668438108512,0.015005227675070754,0.7543663447073063,0.11258439247033633,0.4011729341104592,0.6280118753350927,0.7779815446823437,-0.1765714680758489,0.1982123810338826,2.293172459979858,-158.79958790796903,45.07189121539283,89.43833425817,-0.12881486481805865,0.012075978166863816,0.2495340611068123,0.6605062325626724,0.830818088662162,0.7853231562524582,-0.12811175082352605,-0.36871037678648383,-0.9578436537514623,0.12949421086044477,2.0348090005625945,-136.58270139979004,42.68833382799356,84.35115382172246,0.29127036983282806,-0.05656074080972015,0.6775113002475076,-0.0648716336275545,1.7001646097499896,1.2270140898105046,0.6046602827030731,0.2582909113363827,0.8543294988274562,-0.19095060040108655
2.22,-116.47485968111026,76.38494119587418,178.86214201805365,-0.03873874098093155,-0.14689786556680443,0.0382261178922462,0.42961940486592465,0.08610421010815686,0.11391449225700563,0.43157416861626474,0.7970552460537355,-0.5709238105112105,0.5189326212122017,1.8568114042393822,-125.11070510267241,79.48000470000113,-5.888216025579992,0.3938791153917605,0.25551728100774995,0.3280070273353496,0.4098991291323871,0.4964708824909011,0.5173985732706192,0.7326680763533917,0.6266845594025849,-0.06518857524010377,0.24083215486885415,2.059781172225117,-158.6987410217986,44.487688893413846,89.6808657252651,0.238642939317696,0.06714181468627448,0.16644932182349942,0.706523439581291,0.2524343852209052,0.14978129286609868,-0.35570767902264117,-0.31119722101888536,-0.7683633711007998,0.41150420428188517,1.9330969388422687,-137.26951793484875,42.14075818425045,84.05257436943481,-0.02502565865716866,-0.0833141023918389,0.30815861249755444,0.7949498029302515,0.08276619389657673,0.7306951601020109,0.5503357658793377,0.20418222358300253,1.1049462109387,0.031099760228507578
2.23,-116.51782884577861,76.07424835635834,179.33744370108784,0.014378434325915044,0.16792758756490775,-0.17539115080430298,0.08557152193173996,0.2396457903342854,0.5162796103164726,0.552155077318238,0.4872906673291934,-0.5349476901169881,0.36277519309979006,1.9326297211334436,-125.17602394776225,79.51207770223527,-6.401604547990072,0.20478722190384685,0.18485600942984268,0.2362278389203257,0.3593943289153635,0.9329228297817331,0.5036475966430395,0.5592822661769771,0.7505121773812701,-0.32983599609927144,0.32694112468294945,2.1731716857215613,-158.85402181113375,44.657710455567596,89.19183504161715,0.31172547948930723,0.23389047578993044,0.2880757262454513,0.36296271693346904,1.2622314200161113,1.3484231347330844,-0.3790726052320883,-0.1987710820093872,-0.6608932611889241,0.024831949204186826,1.8876095986530474,-136.9933851672314,41.98991383941327,84.36813667900823,-0.044209463721210485,0.07614130218733293,0.014550175402010888,0.5647604886151275,1.0753154628272918,1.0711971754049365,0.4979968356416755,0.013505311738683752,0.8892953180584942,-0.04467302440072887
2.24,-116.62194040625943,75.98656196673191,179.1131943048609,-0.10687614924511585,0.058010804714630014,-0.3258884196506423,-0.0765962415664722,0.5390719097846179,0.5442822781605564,0.5783409731713082,0.49128621415687723,-0.4575928360626962,0.6639613444847189,1.98272232367962,-125.2734507160365,79.22281947635815,-7.116438104891697,0.1386526822092374,-0.07668834152111306,-0.16365237337629096,0.02164525783588199,0.16270083890263567,-0.005106026920441348,0.5689110859764553,0.5815306879981015,-0.28329711061699026,0.2539857575437376,2.1480598403254287,-158.61969754292627,44.85833978729691,88.43549785446608,0.23079931799557746,0.25495927137938446,0.314291820181927,0.8987131050891112,0.6224000826046114,1.293867525484581,-0.44356592549919943,-0.15977097998633177,-0.7712328542963336,0.033537661538854714,2.0245228867086498,-137.10010838272015,41.81691032102131,84.43236162488063,-0.01563969070881694,0.2224200656474135,-0.13084127425818856,0.09206147865109934,0.09970702838547985,2.008459536326069,0.3163214412500378,-0.0785595478793324,0.7169021061872961,-0.24830212382589517
2.25,-116.42146887296849,75.74149306716544,179.22691563463306,0.0365025271022181,0.1043767709402489,0.19439241380611894,0.21952403595056047,0.31213100802850835,0.4252727101082885,0.3972645473423171,0.35367594728485724,-0.3281139966371879,0.534112154490933,1.7763349140540043,-125.03012707966816,79.46268077533979,-6.4151888303907345,0.27152881655784805,0.29160717077637893,0.03355255829069337,0.12222060156997018,0.36111659390645984,0.2663789157096753,0.7597212453793261,0.4954580502609833,-0.1382750649304284,0.20505180430750602,1.7953726335689966,-159.1170368286491,44.49541064224228,88.4106624928246,0.054672749147901996,-0.30057440904176724,0.19590161375799287,0.7978139238039236,1.4739875114067968,-0.12179733148373678,-0.4136627813563362,-0.12114012872353694,-0.9794061419158219,0.22522707721468163,1.7264057241208697,-137.85644767073055,40.692530127656305,84.47652034791182,0.10640731264673312,0.334854574903704,1.0050802251212099,0.4828243820742334,1.9151373776868048,0.18217251150443667,0.6716011037390436,0.3234311421373347,1.009881548359885,-0.17630458361537618
2.26,-116.37713657788733,75.7834164709659,178.80282449062895,0.03831367922541426,-0.04893695398638095,0.00030090252270850715,-0.1499043517400354,-0.0437970278410061,0.19071059799811504,0.6240569288821773,0.39168495832864403,-0.44848299693142296,0.2665352875824482,2.0306607773320717,-125.23274179714542,79.24906959449618,-6.04977007160172,0.20971825713653383,-0.05362976754286958,0.1457055508590092,-0.03658034510091466,0.657707222866703,0.6516833788379287,0.617138818221139,0.7192687968512164,-0.2747650028251655,0.22663070558029638,1.8082693878178704,-159.90841539513715,44.08818874816896,88.26491536739631,0.07714622929952447,0.21748105779543253,0.12059247319988906,1.1829715630478526,3.005690564249947,-0.012092778420449049,-0.3725271470281052,-0.3064388152864541,-0.7086311285378412,0.1902251834400529,1.9537267698461112,-138.39536922220333,40.66602003336728,84.2591309701058,0.30776280668847605,-0.06249009311019363,0.21269596198020077,1.454549369463944,0.7394339337695649,0.12626106277146742,0.38411160753520446,0.1833474309406337,0.6801265806639428,-0.1443536618078897
2.27,-116.6919378019585,76.05029629465827,178.7318452227539,-0.026723535325458785,0.40749252052266516,0.11155577963958709,0.242347146506989,-0.2789229225268257,0.30521690521791095,0.33351738182726987,0.489063088493216,-0.4492382455513646,0.6190210753286896,2.0667563893277636,-125.08679842560316,79.02867838538374,-6.4316880543285,0.26716635483180207,-0.07965600614867581,-0.17561075378688862,-0.19115840061048125,0.07481802726612849,0.4004585300503233,0.5994479938498071,0.6210337641297924,-0.23831765450212633,0.2664536398035916,2.246777534391359,-159.31892323456867,44.26304486872359,87.6277051138843,0.04519239292261138,0.5894202799346115,0.14310613814355752,0.14312137723009244,0.16266815714272806,1.0605780211897566,-0.4913869750110406,-0.3902185957399063,-1.0267038188427762,0.32935396938262207,2.27617540246377,-138.3280844632229,40.646910546115826,84.45194802295723,0.24896368516955142,0.13751922820428264,0.48310356205123084,0.7598543545470425,0.4242232965637491,0.3895970933966341,0.5332515651699409,0.16261759641681522,1.004861209222056,-0.1766565578800543
2.28,-116.3942736535162,75.97530821207596,178.7876336881592,0.11033805380046305,0.13973838301989283,-0.05153476800815757,0.052283996439695925,-0.05535224844275093,0.34015222518206284,0.2914802588756719,0.40009195857500274,-0.28167479632187536,0.6747823471094496,1.8926285535415925,-124.73803005642837,79.1524487541418,-7.079291345463441,0.06494974100489266,0.16299401743030648,0.11570134544208327,0.5452345971987935,0.41020409752416903,0.3719474391801618,0.688907375367058,0.7624631855354965,-0.27759263212236823,0.4818881754234134,1.9293636862544732,-158.53121659100754,44.0692751669649,87.71867840466811,0.15211078189850188,0.38654994190570546,0.10474133242362396,0.4837259818349435,1.3573088667563729,0.7167827107342499,-0.24791387117680283,-0.16389344472791792,-0.8995860630926773,0.09771821404786346,2.2501515351596875,-138.02925769272932,40.45119046678822,84.76298813071422,0.3752547134020936,0.08854716847296183,0.10667682081915773,-0.2463974375788705,0.45415176685271336,0.3164372101228922,0.4182715099189033,0.267158620730753,0.9285091285999618,-0.2678994405235794
2.29,-116.0990793940629,76.0520096144769,178.90589444804291,0.1343672204829413,0.22799068301946143,-0.1983945896611421,0.20669479220271966,0.026426872906963307,0.24724283724201063,0.46696718320872654,0.6000199699616217,-0.5833963506835707,0.7513041486103567,2.1829141896567723,-124.8506650184252,78.98071881287694,-6.475761811516081,0.029823221487772847,0.1919069049875716,0.11122232243487377,0.3368032088903504,0.6453155465801064,0.34373093955513,0.6454294286197185,0.8441515469090392,-0.36985673261890634,0.2673273988808609,1.8700885515434837,-158.53195771958173,44.02088872636351,87.30950773789219,0.11933327401946107,0.2760417604235941,0.19802540172541877,0.09755345557812306,0.13116072147437943,0.2404748464299588,-0.2419914656585361,-0.2230323735512299,-0.6874126466676803,0.18157236140064648,1.8335971070381893,-138.23276364930317,39.93147233013724,84.36795487612731,0.4764856978055466,0.026179770053182654,0.4628754081572892,0.3554872065506075,2.338132513892466,0.15238870379709774,0.4061016395694387,0.16637756193326828,0.7053807188298791,0.00977618816908543
2.3,-116.09608215969975,75.99392615543358,178.62073545922584,0.2766623302248046,-0.2860685261639022,0.09529788081307025,0.47148806110597985,0.3415943250744237,0.45058883875994055,0.5424100580035003,0.39330538319163066,-0.7514343470996219,0.5467027364947659,2.1758376393570464,-124.68836824337016,79.1180316369748,-6.788718031152889,0.046528075883191515,0.11742398182417299,-0.017634748878539948,0.24172042043228134,-0.1508650858941024,0.11162107270339552,0.5028511935625064,0.7271835295278901,-0.37928035606734,0.25112786728170494,2.149529393289394,-158.74359815619206,43.99965719556213,87.22451927346609,0.28714787024853405,-0.07312970367710983,-0.08347330350893897,0.6034233334499377,0.39230610710731445,0.40913834690561723,-0.5342179814318887,-0.231920861340853,-1.0751171762234895,-0.18329348273365614,2.199278251848993,-138.94020211991426,39.53908454632397,84.59397779800345,0.22697181064973637,0.09305706316904681,0.20075625790256046,-0.06232786136878257,0.12314362705786283,1.4747963664778552,0.5932916964978607,0.1972459949524604,0.5953928968001193,-0.12400004734424928
2.31,-115.97646823086836,75.77505212041392,178.5703743904581,0.21410701494312506,-0.1574042234257515,-0.07978903540852689,0.24057841796761062,0.3033964032152844,0.4189449478088283,0.6042250637138159,0.6190362804506169,-0.44551625617259943,0.6698341509565543,2.029844298203739,-124.45163349480552,79.0645908121823,-6.722832547978727,-0.000371253803338481,0.06454689357913287,0.2272218227693769,0.09503325177473537,-0.13631635199060366,0.14837063715131504,0.7348817992944111,0.8157741469424373,-0.21291061438405212,0.2957826119730967,2.0646209735259453,-158.41192024427767,43.932100717882,87.14966694112057,0.02271641118135842,0.10181507565010522,0.11951014303797433,0.678904582949965,0.43130956104479307,0.5757831738319267,-0.4568199699049841,-0.3187201513422432,-1.2603972447925074,0.08235795893482409,1.9732068392189648,-138.70586183202047,39.33222718181515,84.3229993813391,0.2669623744470086,0.07281577070997738,0.15339628269653868,0.04355640125707213,0.5389492703725152,1.4348519456437703,0.5083545688489286,-0.0334337438776488,0.8923772402154362,-0.15851709598450078
2.32,-116.07655605701262,76.10458681703165,178.6100074490346,-0.21484374592041675,0.17681124758425198,0.1640248562384822,0.18015654455662308,0.339587636989329,0.03536035012806177,0.5814558959576792,0.6600411932285286,-0.2738989033231493,0.7360631802440047,2.0072064326273646,-124.49002545121971,78.99804615514472,-6.682532048060666,-0.12690776993748532,-0.10980371699760727,0.2307445733298855,0.09060181059776701,0.07715040143789278,-0.1788673597158081,0.5903570569352969,0.4160848793386333,-0.2202602322715694,0.048203224608959094,2.045343950733894,-158.50921924273916,44.05626552825569,87.11567213256262,0.12082607403332132,0.3254778926149971,0.46513614573137196,0.9618249679572035,0.5093640116396462,0.6676009134008118,-0.37382251016221724,-0.12592660386601226,-1.1143930753397402,-0.020877849029794254,2.076390397035297,-138.45109402345847,39.128598395862575,84.68602942539218,0.34605767840938123,0.047304066159775365,0.1424116335248105,0.13423137133262644,0.47370919863735667,1.4021427747125206,0.7011460081654406,0.2634973358144159,0.9873763813676404,0.01032523599427953
2.33,-115.996572258572,76.10713417266318,178.270247596193,0.12104029389435404,0.13756389091577595,0.2668445935287626,-0.07734125743827472,0.22453876972488984,0.10337868866942748,0.6229169855266344,0.28209968396895513,-0.5450680551368412,0.3240566344290843,1.9646775784568227,-124.73115366703895,79.04666006474928,-6.776726068142029,0.13086621296571319,-0.12272538860581866,0.10333452993251856,0.006708631851764513,0.05822190651393866,-0.03695731376223763,0.646919035546492,0.6308535739327727,-0.3806850348475922,0.2580201455592579,2.1174287269070775,-158.63967580433302,44.251087886770776,86.99191310684391,0.14040184468024117,0.0978875474589007,0.09221086102344167,0.774804060679403,0.4337213801503128,0.18410925773965986,-0.5323124906661126,-0.6180631473189541,-0.6884161688789167,0.2676105320249395,2.192755490012367,-138.27589025521425,39.58593736479806,84.57598604587952,0.20125848824327686,0.298112899001824,0.12942133553573246,-0.06985369661508456,0.9972013028112431,0.7362388051347883,0.5588589983161254,0.12035537687939052,0.7859969162121349,0.08728901257712704
2.34,-115.75390634774125,75.88958884368861,178.4237614811307,-0.031936632915354826,0.16258757184108025,-0.06174092214628184,0.222839461849773,0.6757843487187487,0.47423374710325195,0.7607810082387967,0.4333494385306538,-0.31948767218501417,0.4969232180793787,1.8912357410448757,-124.5598493006309,78.85034688427294,-6.814346819174985,0.023406513458877422,-0.12572747812053128,-0.13362170229520223,0.43044342760792353,0.5333698188474071,0.08693943600545873,0.6697020404473265,0.43570206571327585,-0.15035868709487796,0.20406125667658537,2.1573171908026967,-158.31550353704372,44.44812298673988,86.79606420185166,-0.15839340411952876,0.2713327928521013,0.013013962464047546,0.3638201323527528,0.09495065417712455,0.17618262991382608,-0.45443642379307647,-0.3964289404155638,-0.7077715594705871,0.30367163405898273,2.240940964249561,-137.83595697596786,39.56016376198042,84.64663870764039,0.3103155137314162,0.05531955112203228,0.08171017695548533,0.5028587113694665,0.18735371249475616,0.9164501403103267,0.608617704558524,0.08815144160373847,0.9778920338743547,-0.06539919752025586
2.35,-115.90472032525629,76.07754478369952,178.66782355138363,0.06234426823386514,-0.05260658156675182,0.028641411524989988,0.261222107089951,0.3150644841659447,0.20120615146011558,0.3235038704997748,0.3105988726678091,-0.4974815656799039,0.6507769928506785,2.0548667352043073,-124.31892489396915,78.67600948271652,-6.280469387727307,0.16643669129279157,0.2282581140059142,0.3195691456738161,0.5386020657695403,0.3015540836110753,0.14792335923068384,0.3912562061823601,0.8248788648977179,-0.11333305593075232,0.18732540969647238,2.3096655277032534,-158.06848908865948,44.125833598269296,86.96563365244931,0.24069376001461593,0.2592852624377574,0.04970455369352668,1.0751700895893332,0.12352804422301225,0.5581041236166803,-0.28736223822986456,-0.24387823903958766,-0.9679406931190051,-0.026612925450222487,1.934662442936237,-137.7351694754735,39.84518721554563,84.69871774525996,0.16741158102463344,0.13217067464983895,0.18290918273266848,0.06435936957923853,2.2461293206239974,0.47050846347184394,0.36055622865536696,0.1611506520462314,0.8381635080904255,0.015022636935869284
2.36,-116.0630556356944,76.06546207524237,178.30782754044196,0.24169551821481905,-0.00011119585774473084,-0.1051858498052278,0.3652869176623337,0.10967945222980278,0.023551139963020683,0.018198778503076107,0.36266286100011413,-0.5842615038245154,0.6320669455291816,1.9478702315145096,-123.92011910864741,78.30441073232116,-6.479960296246533,0.06962638378731376,0.08379997540965141,0.028936524821678848,0.4989973686204073,0.4798661746326908,0.5443389983868974,0.6001570471103779,0.6926241758146265,-0.10211556586679474,0.13438408931059304,1.9986206189308584,-158.38181032021393,43.6283251852841,87.00229900972478,0.1765171908711516,0.07694946715034154,0.24418792281467666,0.7929458425459878,1.1259545784521272,1.157413426949313,-0.3941809546471217,-0.25095274005781104,-0.9277946716222503,0.12194353985456562,2.1530109996231745,-138.12827248471334,39.81629029925619,84.51654523781593,0.22507232325253476,0.1730488742204316,0.19977321012464258,0.15362741532276275,0.4375101539748894,0.11462408028620732,0.5148600080459033,0.36325289876385747,0.918845627012425,0.031289069704544745
2.37,-115.78690406484809,76.04096515123098,178.13098551643617,0.06979455435761185,0.007073555623089783,0.35963761308847425,0.2475389362737714,0.36996361017191903,0.2151075172945677,0.40091388801505945,0.5459829615613463,-0.7978704277901586,0.5056956276528837,2.1027861075255796,-123.92816274023093,78.75723955600877,-6.798697690778358,0.08013298102670909,0.1796609298110028,-0.11980721424123893,0.4010329566614118,0.4803873504451182,0.1662344498027964,0.5633795660753124,0.6618642066878102,-0.2519180924326929,0.2505600160541775,1.9223851072485985,-159.22841524202337,43.39594879043159,86.97783580238514,-0.06753414022686216,0.09380443044023777,0.550596219888066,0.9857815360396184,1.5550098548752251,1.655878761284697,-0.19722153160068567,-0.22741930670059513,-0.6401064203951392,0.19822704473751745,2.1526837215448316,-137.95905320469026,39.57245329291523,84.58845179180622,0.23710173158071937,0.04847989609301814,0.41069458309522744,0.844411586158573,1.9039003221343047,0.05234157662309233,0.5723287511078271,0.19801172431375885,1.01456970992252,-0.07697925362795238
2.38,-115.9091155856039,76.16186765440531,177.9525805529006,0.08077066578935457,0.2201384239986759,0.009003485272231632,0.16717624206740683,-0.06210301458184124,0.33126050203112195,0.5904316455330606,0.5157381059756705,-0.6890517912156292,0.8352714551529896,1.9517943898543673,-124.15171072692323,78.8391995385364,-6.670878668262013,-0.10192473746254464,0.15307149852469504,-0.026160704809857806,0.6978689931042257,0.47224859070637043,0.6670383380723539,0.7307376501726663,0.85286826218272,-0.5346176623333159,0.36492369404310426,2.1441645478329474,-159.72463366305502,42.871633393907686,87.2164472018181,0.33385088087144327,0.25618997716419506,0.34822044024382715,0.0009690908214657901,0.5823779765588266,1.057984333212105,-0.456060498985361,-0.3083350638640896,-0.8991869383693385,0.19575288330946494,1.9794288042243504,-138.0835611022876,39.235543531449935,84.75852017236687,0.428581858580531,0.08147164038102434,0.32527680896148536,0.8524522667594989,1.120600223415158,0.7265673349214108,0.35516009904490475,-0.08643502903443495,0.7604514943862342,0.08504126840628795
2.39,-115.48285899510954,76.28708959148292,177.93986690876642,-0.02806070428146261,0.054713860397203884,0.03689354745123774,0.05564600368117281,0.4061335011300681,0.6883052952905521,0.5337371782354018,0.40170394167225615,-0.6330833681208217,0.5949158407409074,1.7813459017139925,-123.83813434460875,78.79709631603676,-6.485108429846588,-0.012628635689177214,0.07479014545449729,-0.0023695025113027735,0.07129303421298408,0.8132548008796741,0.18312645733404484,0.7643584677757703,0.4969953040601167,-0.061719593383390337,0.1375406709331169,2.249463908740261,-159.35839173902474,42.98498672264411,87.69213682361074,0.17648381917100653,0.31065828425655834,0.223934673270391,0.2266914938058263,0.8272179923399348,1.8303144118093582,-0.47398205025649837,-0.10272777793774931,-0.9072433049043314,0.11273966119888182,2.0201863589325635,-138.18179033999996,39.20026414480916,84.41958636949516,0.1663259446666347,0.11698479450790689,0.16877303866185242,3.524880371876387,1.234127029234671,0.4484891984959362,0.29254905200044623,0.12742270544146958,1.0095667472185976,-0.14987602132699707
2.4,-115.92443175580173,76.50700607643284,177.88370249047682,0.10350162734050287,0.11569298069171396,-0.13910585206759912,0.23870708990619494,0.5375862505778232,0.7452820523718902,0.5131578726822266,0.5089150084342593,-0.4800401256134367,0.577879398329757,1.9891054689928733,-123.68253580097488,78.61556489649656,-6.719483382214921,0.024156428954527284,0.4271419482903235,0.1611359746176894,0.39008729217804544,0.6713746039244669,1.0668654292692439,0.54564184010554,0.5800621388065987,-0.20393507330714636,0.2696598499074037,2.2534776959035954,-159.47841089227117,42.44634994731604,87.57089823914407,0.5142390964011584,-0.23127681858603993,0.1688191212797723,0.2486161954238386,1.3358348241169535,2.3082435587137433,-0.3782974037158455,-0.4965012999272397,-0.7435329021328275,0.05361660195669243,2.001274504037103,-138.56551630659195,39.23271736508773,84.70759070102534,0.18632575059423567,0.26896137531444475,0.10659070990075548,-0.060248603985904196,1.1336207452927867,0.39473147363895733,0.3325709503883078,0.2271096482115207,0.8860177456529917,-0.1256204970105568
2.41,-115.79628606747602,76.52379202402304,177.77040244459425,-0.04525491370003955,-0.004810974164535242,0.10223432725985931,0.9894664538396405,0.16742327095878642,0.4288388593938893,0.3664920751124163,0.4691129732681188,-0.2578506757153006,0.563173809334253,1.7239671307693039,-123.90556098888062,79.05159532297846,-7.493967154469572,-0.08590358269667314,0.36357976814676235,0.04732166033114593,0.41375914701887284,0.2760351899954234,1.0862015933960858,0.4734364381150092,0.4061083690849769,-0.5398353740418245,0.35750793079397675,2.439585247061947,-159.95877038898047,42.30965198574728,87.57185305485619,0.02568174832307612,0.2959777710411584,0.12821479904332048,0.7283449826259496,0.18322577488845274,2.7807341886695167,-0.4470877994071454,0.014023102270090237,-0.6661968763753272,0.13912033772625307,2.124987167721505,-139.18919313129987,38.943662454390626,84.87946215819942,0.033776082240548955,0.3201321148870777,0.5643547192334096,0.171485610552027,2.346126178400039,1.1525242115740733,0.5637794752543505,0.35919369120384553,0.8573348785060987,-0.007470678421668056
2.42,-115.89317562258078,76.59425024551005,177.99192863626226,0.02350177005913509,-0.07893625607715124,0.14091695931272794,0.514462986941228,-0.03661515917577371,0.024096516198107293,0.6076511191620779,0.44108255345474845,-0.5087574448927892,0.47848278309883563,2.0397411142600097,-124.04868511791827,78.89029547357848,-7.715334188548224,0.05493770176711339,0.06422194891991512,-0.032614168335043305,0.5054157412324894,0.306330300979346,0.10662558987277476,0.8149510408614451,0.746539932900727,-0.14525294271022932,0.2994949052459748,1.896428835346528,-160.53564744651476,41.89523451789859,87.87487932900727,-0.04686347263742807,0.12972402543332487,-0.03306078627421141,0.28322316172837086,1.2829400726468347,0.41249169667098484,-0.5064829909686722,-0.19785108509793525,-0.8565759723729461,0.15913625705913695,2.3515364204436224,-139.78283873745252,38.52770248459421,85.16140633517979,0.1767579724347019,0.30148653033981954,0.9966386028717444,0.869260379094649,3.327221618970916,1.9095023492475265,0.6988420103405636,0.2420245204664026,0.6282188746332589,-0.19404012979135926
2.43,-115.82653671569405,76.48905192753081,177.71164420038824,-0.08340760572444234,0.047269350752504664,0.0344610362779579,-0.04107087136740745,0.043258257430353664,0.44732978892592146,0.5944966217317885,0.44325510169193727,-0.569521597803291,0.42110785413455065,2.1936502433131158,-123.95901476430151,78.83129539700903,-7.374106985186974,0.04070121858540216,0.0005462103729581558,0.0004801535624618953,0.28716076463176554,0.01585259714542718,0.6735066318956471,0.540268668126822,0.7262352779285823,-0.1101547230822883,0.278337382505709,2.1232416576595146,-160.75588995195116,42.07060317684124,88.07331894425351,0.2792278730471232,0.03880569449621392,0.05083901336621375,1.1841552613551778,0.5619137396039883,0.5532933410978386,-0.5299155277225351,-0.13214360468097866,-0.6648912448789032,0.28521524314436264,1.9214285908114423,-140.516348805546,37.87181615867845,85.53962923241103,0.324222612760775,0.1281407322526391,-0.2973522554004121,0.22279702406065993,1.3649899727569055,0.434841914630415,0.6460700957253454,0.06736234063789674,0.8914370237548755,-0.1539869161076496
2.44,-115.93532225262695,76.44997452149981,177.92747616951814,0.18997831484831829,0.14551279686708754,0.17468886396016453,0.14370388311773938,0.08841509856812214,0.7760757165416815,0.34056599189776593,0.3900630526505727,-0.2005502114198434,0.6987504163889756,2.161415073744434,-124.47293879353691,79.29806492588175,-7.401132776736975,-0.15152344425423625,0.11201600392250835,0.05879926520620604,0.6213119637909401,0.3519612458707744,0.36877082355385155,0.7517264826727867,0.8982222192127498,-0.22698222337679505,0.32352717031015293,2.0187568657295425,-160.4694894643311,42.55276943074698,88.05829341601911,0.005367827263451946,-0.2614998280004894,0.5447845834322275,0.8796997234278842,1.3974679543884905,0.012242393710512119,-0.2777513685691408,-0.08748515849922234,-0.9115602483110377,0.2640649568633211,2.037657385466962,-139.53041252947853,38.143398923735894,85.79535180756605,-0.06721133128158066,0.10223497007579882,0.9647281668220846,1.4820794705651141,1.2262983113809047,1.0830680734805302,0.11331577022629463,0.382367254393156,0.6907930352424541,-0.12683391626493914
2.45,-116.10442754988048,76.27491743112843,177.8565531952577,-0.19464793865009639,-0.10579692402383782,0.24030295003074348,0.09408814902991117,0.1535284815896824,0.41121191332515106,0.6003222252701613,0.35238940247081235,-0.3816826046687284,0.6430544919926858,2.1705197221181947,-124.37610965603167,79.37143797933507,-7.356108593306251,0.1999743047668798,-0.11154619815229189,-0.09372036873386372,0.47646440308913535,0.09881958645802472,0.47920249670155796,0.7304555875202223,0.4588785355486281,-0.32661935874305315,0.4675097582375362,2.3470490216837154,-160.4069148794456,42.313846150846715,87.57990252318571,0.047540986007893554,-0.03141189474207281,0.2333666877642579,0.9519717018477344,0.7333349007171696,0.21621490855562284,-0.5159682233043947,-0.09835742576765608,-0.8293311368635542,0.31055907842778796,2.272767132328294,-139.39818087306324,38.11980679516144,86.02713267735663,0.0630301010327009,0.07091399381444727,0.8418285095638762,1.6321659341235317,1.3051832887420771,1.0633777653767074,0.40779199046576897,-0.010315765622027337,1.0995131687836701,-0.14304564599759018
2.46,-115.81116773192723,76.36406054547788,177.94297022549927,0.2927481751000827,0.16609542315373918,-0.023803690017993206,0.18760065728130987,0.042751168986977936,0.8128530344235878,0.5505605322772061,0.4100603292720903,-0.44267777516136253,0.6967613126327988,2.2063311424399066,-124.24969303072673,79.09496545356501,-7.456909552082966,-0.050640395209802735,-0.031135872027778327,0.054284555325485984,0.16000364368778935,0.772386049752562,0.22520819699094047,0.8259475123478063,0.8916112358711966,-0.35814101272836146,0.32936703229497183,2.2399019825822473,-160.54747368930649,42.28633394788808,87.62116602531124,0.04646817957913438,0.06499470972927358,0.08655348268644165,0.4771019325351762,0.1218980241504173,0.6572511184818096,-0.27652340819106813,-0.46564199156495656,-0.887810205130296,0.2174410748181959,2.1315516749804546,-138.67716076652485,38.554302188795354,86.58602788788006,-0.14022185277865173,0.20625276683432742,0.5896242984279642,1.7139092594897456,1.2040376319420458,1.0835646339808587,0.632573032945097,0.11095687961925571,0.8148988100565799,-0.164999351130735
2.47,-116.11739309547013,76.11860627223365,177.8370350403906,-0.010459410606628231,-0.06587669795269618,0.14573057848345472,0.2022715609619918,0.36938579289015394,0.5054450883483258,0.39686590647185904,0.5469378422637527,-0.6560768558234509,0.6290448965636689,2.2621060843743512,-124.10316286394652,79.21744714626682,-7.414375594250681,0.23828119528591474,-0.1936267670088797,0.11244946818639177,0.14223507128534052,0.07644288099392683,0.21453879044610863,0.579475035240422,0.7328758452608258,-0.45798400876574413,0.28902093694925446,1.9702120584944454,-160.63822047416897,42.2331009467151,87.53713386972882,0.21340821266034238,0.037132978215111814,-0.21112234185983583,0.7074072596780068,0.4601451826803156,-0.17736056840166614,-0.5838204090018619,0.09250551524880987,-0.978421721082079,0.06472054307928539,1.9987701728129792,-138.90545148373477,38.83822085604664,86.62188176343152,0.4779021121931811,0.13377958450191818,0.3422677461489304,1.6190606288331162,1.219227545942517,1.495928452739243,0.3476656392853255,0.29644676863677316,0.8630495048475085,-0.10389042486342259
2.48,-115.70527634055564,76.1902754510813,177.94662748074077,-0.06467727286434621,0.18756273107650676,0.17726240595292198,0.29357672348930985,0.0490562141486969,0.006240294597168045,0.442676532673021,0.48209439046925995,-0.368415651805068,0.6409923278530151,2.3401028403120145,-124.3522845164619,79.00005351138391,-7.5451175055807145,-0.06185461197064528,0.1299785627167506,0.04879388775815448,-0.027662747851693044,0.5425442380836695,0.20441450234068648,0.6141194382330307,0.6126528033523099,-0.46486563450223833,0.3024240074443727,2.2375704922030106,-160.9828984986187,42.462431418456156,87.71559774050897,0.18850273373515875,0.19714079446037797,0.30998595578594135,0.22639284356016817,0.5001108235728349,-0.0077566998336586505,-0.6189953140251836,-0.17719264856919625,-0.6678231593637795,0.14580961712097337,2.2595947115363946,-138.16884258135468,38.71858669301651,86.93067110339966,0.4616946987829904,0.13833355771585065,0.30740457501715823,0.9197902751245938,1.0098831981284802,-0.27253201947294153,0.4855370959454536,0.2545592321488001,0.9928179543694994,0.006779585095548574
2.49,-116.09336069312221,76.52891255240046,178.3351174041006,0.10529121522719773,0.2392661793320271,0.05663986266567235,0.031447818998628196,-0.12391714866946474,0.5174891834637665,0.47332268050067056,0.23851296605377478,-0.4745843694681069,0.652853704939579,2.2459230529946783,-124.74193971778313,79.15669146848694,-7.535617732720386,0.21703569430686853,-0.024698324066273897,0.11238034882887507,0.0452372688791187,0.43947903206589034,0.4174271766655693,0.7766631147690998,0.5863666592303282,-0.4036018817702659,0.11324700878047071,2.1365145136800927,-161.4002624183349,42.53538479661907,87.63887987363888,0.20376085513617295,0.05740801263369389,-0.0065430020763834335,0.6945810810616535,0.7620411229023715,0.27151693017907397,-0.6779122399200009,-0.15017564671727474,-0.7874026560019619,0.16371872633367524,2.1587951223029935,-137.18949136180836,38.592320669812004,87.43936807466297,0.4399134838294148,0.27715296493913893,0.18696633804573248,1.072595737170785,0.6862635388800611,0.32754310851178803,0.2829027133245753,0.4432558626188841,0.8673622058232803,-0.22120976836855805
2.5,-116.09469216728114,76.43126980055025,177.94276075305848,0.011608201305869731,0.26094808406068465,0.17109127693310472,0.14819927614315037,0.2743473794027818,0.5044496693531402,0.4116372417939394,0.30733287931938924,-0.5622665793760278,0.5582173941792411,2.1445639568595283,-124.6407437995495,79.1726622319296,-7.489378391323911,0.13820515394962318,-0.06444967631985946,0.11000353897300667,0.5910334328131267,0.21516020642445072,0.2836975384150586,0.5665411990717348,0.5638693216187701,-0.2231122153997818,0.16238924770021484,2.2813862168525554,-161.70327909415104,42.28086507713274,87.4641147670632,0.12763888791863853,0.09661563416010968,-0.04393235305765339,0.14212053045201792,0.7411950779738823,0.3804738266528294,-0.5041772259487921,-0.2694393725586609,-0.9691435365831009,0.20599543705206536,2.036473098617243,-136.9748713034391,39.11705236339943,87.84711842354119,-0.011049669772568507,0.45776038185097184,0.5415097696393963,0.2704248872772086,1.4354451490815063,1.2589463678300323,0.24691354851163663,0.11827938292916447,0.908038074705653,-0.0844850632257215
2.51,-116.13490908108105,76.31377544153897,178.20485379531135,-0.08756182822430478,-0.25407126860416457,-0.11573024411011759,0.26763339222894517,0.1703912659522277,0.610967858819225,0.6822550222248495,0.6569947289943425,-0.47287386363715905,0.5818747577885903,2.0528208982018974,-124.55556313668941,79.09922770140864,-7.423589829989234,0.2502919171200208,-0.016635016781715098,0.0899225092191705,0.7498482819665605,0.39710680002793985,0.14871845309015422,0.6053645253008436,0.7817100265365631,-0.16683207179652335,0.3614797707515247,2.3526857436449755,-161.71073231801904,42.333299493560396,87.44593691336149,0.1519571807273027,0.17674853096697288,0.028706739806479448,0.17454617060996575,1.0893885617404637,1.2112928226249133,-0.3245634513155802,-0.15903228206744452,-0.9305488846734085,0.39204763796759673,2.381582217222395,-136.07168163306784,39.57635668045002,88.26865612019823,0.19501145049524332,-0.0298648461610216,0.5203515701043111,0.5854675172322215,0.5225943259200726,0.1253092339176737,0.6822473478226091,0.2492912385735886,0.8212217426161004,0.06544236853848205
