[2024-05-14 15:19:47.131] [info] Loaded model Rajagopal_2015 from file OpenSense/Rajagopal_2015.osim
[2024-05-14 15:19:48.221] [info] Heading correction computed to be 19.5309 degs about ground Y.
[2024-05-14 15:19:48.226] [info] Processing pelvis_imu
[2024-05-14 15:19:48.227] [info] Computed offset for pelvis_imu
[2024-05-14 15:19:48.227] [info] Offset is 
[0.083472,-0.0414785,0.995647]
[-0.942461,0.321294,0.0923982]
[-0.323727,-0.946071,-0.0122728]

[2024-05-14 15:19:48.228] [info] Creating offset frame for pelvis_imu
[2024-05-14 15:19:48.231] [info] Added offset frame for pelvis_imu.
[2024-05-14 15:19:48.231] [info] pelvis_imu offset computed from pelvis_imu data from file.
[2024-05-14 15:19:48.231] [info] Processing torso_imu
[2024-05-14 15:19:48.232] [info] Computed offset for torso_imu
[2024-05-14 15:19:48.232] [info] Offset is 
[0.159238,-0.365232,0.917196]
[-0.987013,-0.038961,0.155844]
[-0.0211844,-0.930101,-0.366693]

[2024-05-14 15:19:48.233] [info] Creating offset frame for torso_imu
[2024-05-14 15:19:48.235] [info] Added offset frame for torso_imu.
[2024-05-14 15:19:48.236] [info] torso_imu offset computed from torso_imu data from file.
[2024-05-14 15:19:48.236] [info] Processing humerus_r_imu
[2024-05-14 15:19:48.236] [info] Computed offset for humerus_r_imu
[2024-05-14 15:19:48.237] [info] Offset is 
[0.568303,-0.548409,0.613416]
[0.553378,-0.296979,-0.778188]
[0.608937,0.781698,0.134703]

[2024-05-14 15:19:48.238] [info] Creating offset frame for humerus_r_imu
[2024-05-14 15:19:48.240] [info] Added offset frame for humerus_r_imu.
[2024-05-14 15:19:48.241] [info] humerus_r_imu offset computed from humerus_r_imu data from file.
[2024-05-14 15:19:48.241] [info] Processing ulna_r_imu
[2024-05-14 15:19:48.242] [info] Computed offset for ulna_r_imu
[2024-05-14 15:19:48.242] [info] Offset is 
[0.459933,-0.388259,0.798572]
[0.520974,-0.610289,-0.596769]
[0.71906,0.690509,-0.0784195]

[2024-05-14 15:19:48.243] [info] Creating offset frame for ulna_r_imu
[2024-05-14 15:19:48.245] [info] Added offset frame for ulna_r_imu.
[2024-05-14 15:19:48.245] [info] ulna_r_imu offset computed from ulna_r_imu data from file.
[2024-05-14 15:19:48.372] [info] Loaded model Rajagopal_2015 from file OpenSense/Rajagopal_2015_calibrated.osim
[2024-05-14 15:19:48.404] [info] Loading orientations as quaternions from 'OpenSense/lifting_orientations.sto'...
[2024-05-14 15:19:49.808] [info] InverseKinematicsSolver found 4 model frames to track.
[2024-05-14 15:20:05.752] [info] Wrote IK with IMU tracking results to: 'ik_lifting_orientations.mot'.
[2024-05-14 15:20:11.216] [info] Loaded model Rajagopal_2015 from file OpenSense/Rajagopal_2015.osim
[2024-05-14 15:20:11.341] [info] Heading correction computed to be 82.0699 degs about ground Y.
[2024-05-14 15:20:11.343] [info] Processing pelvis_imu
[2024-05-14 15:20:11.343] [info] Computed offset for pelvis_imu
[2024-05-14 15:20:11.344] [info] Offset is 
[0.00774831,-0.0572138,0.998332]
[-0.137966,0.988753,0.0577356]
[-0.990407,-0.138183,-0.000232365]

[2024-05-14 15:20:11.345] [info] Creating offset frame for pelvis_imu
[2024-05-14 15:20:11.348] [info] Added offset frame for pelvis_imu.
[2024-05-14 15:20:11.349] [info] pelvis_imu offset computed from pelvis_imu data from file.
[2024-05-14 15:20:11.349] [info] Processing torso_imu
[2024-05-14 15:20:11.350] [info] Computed offset for torso_imu
[2024-05-14 15:20:11.351] [info] Offset is 
[0.029386,-0.987244,0.156482]
[-0.936481,0.0275436,0.349635]
[-0.349485,-0.156817,-0.923726]

[2024-05-14 15:20:11.352] [info] Creating offset frame for torso_imu
[2024-05-14 15:20:11.357] [info] Added offset frame for torso_imu.
[2024-05-14 15:20:11.365] [info] torso_imu offset computed from torso_imu data from file.
[2024-05-14 15:20:11.366] [info] Processing humerus_r_imu
[2024-05-14 15:20:11.367] [info] Computed offset for humerus_r_imu
[2024-05-14 15:20:11.367] [info] Offset is 
[0.786745,0.450592,0.4219]
[0.564565,-0.248887,-0.78697]
[-0.249597,0.857335,-0.450199]

[2024-05-14 15:20:11.368] [info] Creating offset frame for humerus_r_imu
[2024-05-14 15:20:11.381] [info] Added offset frame for humerus_r_imu.
[2024-05-14 15:20:11.382] [info] humerus_r_imu offset computed from humerus_r_imu data from file.
[2024-05-14 15:20:11.383] [info] Processing ulna_r_imu
[2024-05-14 15:20:11.383] [info] Computed offset for ulna_r_imu
[2024-05-14 15:20:11.384] [info] Offset is 
[0.856633,0.447744,0.256331]
[0.515601,-0.72533,-0.456127]
[-0.0183036,0.522898,-0.852199]

[2024-05-14 15:20:11.385] [info] Creating offset frame for ulna_r_imu
[2024-05-14 15:20:11.388] [info] Added offset frame for ulna_r_imu.
[2024-05-14 15:20:11.389] [info] ulna_r_imu offset computed from ulna_r_imu data from file.
[2024-05-14 15:20:11.552] [info] Loaded model Rajagopal_2015 from file OpenSense/Rajagopal_2015_calibrated.osim
[2024-05-14 15:20:11.609] [info] Loading orientations as quaternions from 'OpenSense/lifting_orientations.sto'...
[2024-05-14 15:20:12.516] [info] InverseKinematicsSolver found 4 model frames to track.
[2024-05-14 15:20:25.387] [info] Wrote IK with IMU tracking results to: 'ik_lifting_orientations.mot'.
[2024-05-14 15:24:16.494] [info] Loaded model Rajagopal_2015 from file OpenSense/Rajagopal_2015.osim
[2024-05-14 15:24:16.598] [info] Heading correction computed to be 19.5309 degs about ground Y.
[2024-05-14 15:24:16.600] [info] Processing pelvis_imu
[2024-05-14 15:24:16.600] [info] Computed offset for pelvis_imu
[2024-05-14 15:24:16.601] [info] Offset is 
[0.083472,-0.0414785,0.995647]
[-0.942461,0.321294,0.0923982]
[-0.323727,-0.946071,-0.0122728]

[2024-05-14 15:24:16.604] [info] Creating offset frame for pelvis_imu
[2024-05-14 15:24:16.610] [info] Added offset frame for pelvis_imu.
[2024-05-14 15:24:16.610] [info] pelvis_imu offset computed from pelvis_imu data from file.
[2024-05-14 15:24:16.610] [info] Processing torso_imu
[2024-05-14 15:24:16.610] [info] Computed offset for torso_imu
[2024-05-14 15:24:16.611] [info] Offset is 
[0.159238,-0.365232,0.917196]
[-0.987013,-0.038961,0.155844]
[-0.0211844,-0.930101,-0.366693]

[2024-05-14 15:24:16.612] [info] Creating offset frame for torso_imu
[2024-05-14 15:24:16.614] [info] Added offset frame for torso_imu.
[2024-05-14 15:24:16.614] [info] torso_imu offset computed from torso_imu data from file.
[2024-05-14 15:24:16.614] [info] Processing humerus_r_imu
[2024-05-14 15:24:16.615] [info] Computed offset for humerus_r_imu
[2024-05-14 15:24:16.615] [info] Offset is 
[0.568303,-0.548409,0.613416]
[0.553378,-0.296979,-0.778188]
[0.608937,0.781698,0.134703]

[2024-05-14 15:24:16.616] [info] Creating offset frame for humerus_r_imu
[2024-05-14 15:24:16.619] [info] Added offset frame for humerus_r_imu.
[2024-05-14 15:24:16.620] [info] humerus_r_imu offset computed from humerus_r_imu data from file.
[2024-05-14 15:24:16.620] [info] Processing ulna_r_imu
[2024-05-14 15:24:16.620] [info] Computed offset for ulna_r_imu
[2024-05-14 15:24:16.621] [info] Offset is 
[0.459933,-0.388259,0.798572]
[0.520974,-0.610289,-0.596769]
[0.71906,0.690509,-0.0784195]

[2024-05-14 15:24:16.622] [info] Creating offset frame for ulna_r_imu
[2024-05-14 15:24:16.624] [info] Added offset frame for ulna_r_imu.
[2024-05-14 15:24:16.624] [info] ulna_r_imu offset computed from ulna_r_imu data from file.
[2024-05-14 15:24:16.764] [info] Loaded model Rajagopal_2015 from file OpenSense/Rajagopal_2015_calibrated.osim
[2024-05-14 15:24:16.807] [info] Loading orientations as quaternions from 'OpenSense/lifting_orientations.sto'...
[2024-05-14 15:24:17.757] [info] InverseKinematicsSolver found 4 model frames to track.
[2024-05-14 15:24:33.518] [info] Wrote IK with IMU tracking results to: 'ik_lifting_orientations.mot'.
[2024-05-14 15:24:38.695] [info] Loaded model Rajagopal_2015 from file OpenSense/Rajagopal_2015.osim
[2024-05-14 15:24:38.882] [info] Heading correction computed to be 71.7919 degs about ground Y.
[2024-05-14 15:24:38.884] [info] Processing pelvis_imu
[2024-05-14 15:24:38.884] [info] Computed offset for pelvis_imu
[2024-05-14 15:24:38.884] [info] Offset is 
[0.0448569,-0.147093,0.988105]
[-0.312469,0.937406,0.153731]
[-0.948868,-0.315648,-0.00391272]

[2024-05-14 15:24:38.885] [info] Creating offset frame for pelvis_imu
[2024-05-14 15:24:38.889] [info] Added offset frame for pelvis_imu.
[2024-05-14 15:24:38.889] [info] pelvis_imu offset computed from pelvis_imu data from file.
[2024-05-14 15:24:38.890] [info] Processing torso_imu
[2024-05-14 15:24:38.890] [info] Computed offset for torso_imu
[2024-05-14 15:24:38.890] [info] Offset is 
[0.0848633,-0.494717,0.864901]
[-0.390947,0.781893,0.485597]
[-0.916493,-0.379339,-0.127054]

[2024-05-14 15:24:38.891] [info] Creating offset frame for torso_imu
[2024-05-14 15:24:38.895] [info] Added offset frame for torso_imu.
[2024-05-14 15:24:38.895] [info] torso_imu offset computed from torso_imu data from file.
[2024-05-14 15:24:38.895] [info] Processing humerus_r_imu
[2024-05-14 15:24:38.896] [info] Computed offset for humerus_r_imu
[2024-05-14 15:24:38.896] [info] Offset is 
[0.833197,0.285343,0.473669]
[0.550406,-0.345436,-0.760084]
[-0.0532625,0.89401,-0.444871]

[2024-05-14 15:24:38.897] [info] Creating offset frame for humerus_r_imu
[2024-05-14 15:24:38.905] [info] Added offset frame for humerus_r_imu.
[2024-05-14 15:24:38.913] [info] humerus_r_imu offset computed from humerus_r_imu data from file.
[2024-05-14 15:24:38.915] [info] Processing ulna_r_imu
[2024-05-14 15:24:38.916] [info] Computed offset for ulna_r_imu
[2024-05-14 15:24:38.918] [info] Offset is 
[0.612578,0.170722,0.771753]
[0.325448,0.835309,-0.443106]
[-0.7203,0.522602,0.456131]

[2024-05-14 15:24:38.925] [info] Creating offset frame for ulna_r_imu
[2024-05-14 15:24:38.936] [info] Added offset frame for ulna_r_imu.
[2024-05-14 15:24:38.946] [info] ulna_r_imu offset computed from ulna_r_imu data from file.
[2024-05-14 15:24:39.063] [info] Loaded model Rajagopal_2015 from file OpenSense/Rajagopal_2015_calibrated.osim
[2024-05-14 15:24:39.097] [info] Loading orientations as quaternions from 'OpenSense/lifting_orientations.sto'...
[2024-05-14 15:24:40.024] [info] InverseKinematicsSolver found 4 model frames to track.
[2024-05-14 15:24:50.019] [info] Wrote IK with IMU tracking results to: 'ik_lifting_orientations.mot'.
[2024-05-14 15:26:47.421] [info] Loaded model Rajagopal_2015 from file OpenSense/Rajagopal_2015.osim
[2024-05-14 15:26:47.479] [info] Heading correction computed to be 19.5309 degs about ground Y.
[2024-05-14 15:26:47.480] [info] Processing pelvis_imu
[2024-05-14 15:26:47.480] [info] Computed offset for pelvis_imu
[2024-05-14 15:26:47.480] [info] Offset is 
[0.083472,-0.0414785,0.995647]
[-0.942461,0.321294,0.0923982]
[-0.323727,-0.946071,-0.0122728]

[2024-05-14 15:26:47.482] [info] Creating offset frame for pelvis_imu
[2024-05-14 15:26:47.484] [info] Added offset frame for pelvis_imu.
[2024-05-14 15:26:47.485] [info] pelvis_imu offset computed from pelvis_imu data from file.
[2024-05-14 15:26:47.485] [info] Processing torso_imu
[2024-05-14 15:26:47.485] [info] Computed offset for torso_imu
[2024-05-14 15:26:47.485] [info] Offset is 
[0.159238,-0.365232,0.917196]
[-0.987013,-0.038961,0.155844]
[-0.0211844,-0.930101,-0.366693]

[2024-05-14 15:26:47.486] [info] Creating offset frame for torso_imu
[2024-05-14 15:26:47.488] [info] Added offset frame for torso_imu.
[2024-05-14 15:26:47.489] [info] torso_imu offset computed from torso_imu data from file.
[2024-05-14 15:26:47.489] [info] Processing humerus_r_imu
[2024-05-14 15:26:47.489] [info] Computed offset for humerus_r_imu
[2024-05-14 15:26:47.489] [info] Offset is 
[0.292909,-0.816951,0.496786]
[0.954209,0.216757,-0.206159]
[0.0607399,0.534423,0.843032]

[2024-05-14 15:26:47.490] [info] Creating offset frame for humerus_r_imu
[2024-05-14 15:26:47.497] [info] Added offset frame for humerus_r_imu.
[2024-05-14 15:26:47.497] [info] humerus_r_imu offset computed from humerus_r_imu data from file.
[2024-05-14 15:26:47.497] [info] Processing ulna_r_imu
[2024-05-14 15:26:47.498] [info] Computed offset for ulna_r_imu
[2024-05-14 15:26:47.498] [info] Offset is 
[-0.0752042,-0.822742,0.563418]
[0.992003,-0.119162,-0.0415973]
[0.101362,0.555784,0.825124]

[2024-05-14 15:26:47.499] [info] Creating offset frame for ulna_r_imu
[2024-05-14 15:26:47.501] [info] Added offset frame for ulna_r_imu.
[2024-05-14 15:26:47.502] [info] ulna_r_imu offset computed from ulna_r_imu data from file.
[2024-05-14 15:26:47.607] [info] Loaded model Rajagopal_2015 from file OpenSense/Rajagopal_2015_calibrated.osim
[2024-05-14 15:26:47.652] [info] Loading orientations as quaternions from 'OpenSense/lifting_orientations.sto'...
[2024-05-14 15:26:48.465] [info] InverseKinematicsSolver found 4 model frames to track.
[2024-05-14 15:27:04.224] [info] Wrote IK with IMU tracking results to: 'ik_lifting_orientations.mot'.
[2024-05-14 15:27:08.943] [info] Loaded model Rajagopal_2015 from file OpenSense/Rajagopal_2015.osim
[2024-05-14 15:27:08.990] [info] Heading correction computed to be 71.7919 degs about ground Y.
[2024-05-14 15:27:08.991] [info] Processing pelvis_imu
[2024-05-14 15:27:08.991] [info] Computed offset for pelvis_imu
[2024-05-14 15:27:08.991] [info] Offset is 
[0.0448569,-0.147093,0.988105]
[-0.312469,0.937406,0.153731]
[-0.948868,-0.315648,-0.00391272]

[2024-05-14 15:27:08.996] [info] Creating offset frame for pelvis_imu
[2024-05-14 15:27:09.000] [info] Added offset frame for pelvis_imu.
[2024-05-14 15:27:09.000] [info] pelvis_imu offset computed from pelvis_imu data from file.
[2024-05-14 15:27:09.000] [info] Processing torso_imu
[2024-05-14 15:27:09.000] [info] Computed offset for torso_imu
[2024-05-14 15:27:09.001] [info] Offset is 
[0.0848633,-0.494717,0.864901]
[-0.390947,0.781893,0.485597]
[-0.916493,-0.379339,-0.127054]

[2024-05-14 15:27:09.002] [info] Creating offset frame for torso_imu
[2024-05-14 15:27:09.004] [info] Added offset frame for torso_imu.
[2024-05-14 15:27:09.004] [info] torso_imu offset computed from torso_imu data from file.
[2024-05-14 15:27:09.005] [info] Processing humerus_r_imu
[2024-05-14 15:27:09.005] [info] Computed offset for humerus_r_imu
[2024-05-14 15:27:09.005] [info] Offset is 
[0.200531,-0.10286,0.974273]
[0.97132,0.150568,-0.184027]
[-0.127765,0.983234,0.130104]

[2024-05-14 15:27:09.006] [info] Creating offset frame for humerus_r_imu
[2024-05-14 15:27:09.008] [info] Added offset frame for humerus_r_imu.
[2024-05-14 15:27:09.008] [info] humerus_r_imu offset computed from humerus_r_imu data from file.
[2024-05-14 15:27:09.008] [info] Processing ulna_r_imu
[2024-05-14 15:27:09.008] [info] Computed offset for ulna_r_imu
[2024-05-14 15:27:09.008] [info] Offset is 
[0.307279,0.269728,0.912593]
[0.101351,0.944259,-0.313213]
[-0.946207,0.188736,0.262814]

[2024-05-14 15:27:09.010] [info] Creating offset frame for ulna_r_imu
[2024-05-14 15:27:09.015] [info] Added offset frame for ulna_r_imu.
[2024-05-14 15:27:09.015] [info] ulna_r_imu offset computed from ulna_r_imu data from file.
[2024-05-14 15:27:09.133] [info] Loaded model Rajagopal_2015 from file OpenSense/Rajagopal_2015_calibrated.osim
[2024-05-14 15:27:09.155] [info] Loading orientations as quaternions from 'OpenSense/lifting_orientations.sto'...
[2024-05-14 15:27:10.140] [info] InverseKinematicsSolver found 4 model frames to track.
[2024-05-14 15:27:31.487] [info] Loaded model Rajagopal_2015 from file OpenSense/Rajagopal_2015.osim
[2024-05-14 15:27:31.542] [info] Heading correction computed to be 19.5309 degs about ground Y.
[2024-05-14 15:27:31.543] [info] Processing pelvis_imu
[2024-05-14 15:27:31.544] [info] Computed offset for pelvis_imu
[2024-05-14 15:27:31.544] [info] Offset is 
[0.083472,-0.0414785,0.995647]
[-0.942461,0.321294,0.0923982]
[-0.323727,-0.946071,-0.0122728]

[2024-05-14 15:27:31.546] [info] Creating offset frame for pelvis_imu
[2024-05-14 15:27:31.550] [info] Added offset frame for pelvis_imu.
[2024-05-14 15:27:31.550] [info] pelvis_imu offset computed from pelvis_imu data from file.
[2024-05-14 15:27:31.551] [info] Processing torso_imu
[2024-05-14 15:27:31.551] [info] Computed offset for torso_imu
[2024-05-14 15:27:31.551] [info] Offset is 
[0.159238,-0.365232,0.917196]
[-0.987013,-0.038961,0.155844]
[-0.0211844,-0.930101,-0.366693]

[2024-05-14 15:27:31.552] [info] Creating offset frame for torso_imu
[2024-05-14 15:27:31.554] [info] Added offset frame for torso_imu.
[2024-05-14 15:27:31.554] [info] torso_imu offset computed from torso_imu data from file.
[2024-05-14 15:27:31.554] [info] Processing humerus_r_imu
[2024-05-14 15:27:31.555] [info] Computed offset for humerus_r_imu
[2024-05-14 15:27:31.555] [info] Offset is 
[0.899379,-0.426634,0.0953958]
[-0.421974,-0.904229,-0.0656296]
[0.114259,0.0187713,-0.993274]

[2024-05-14 15:27:31.556] [info] Creating offset frame for humerus_r_imu
[2024-05-14 15:27:31.558] [info] Added offset frame for humerus_r_imu.
[2024-05-14 15:27:31.559] [info] humerus_r_imu offset computed from humerus_r_imu data from file.
[2024-05-14 15:27:31.559] [info] Processing ulna_r_imu
[2024-05-14 15:27:31.559] [info] Computed offset for ulna_r_imu
[2024-05-14 15:27:31.559] [info] Offset is 
[0.948808,-0.314986,-0.0233833]
[-0.309014,-0.94104,0.137677]
[-0.0653709,-0.123403,-0.990201]

[2024-05-14 15:27:31.561] [info] Creating offset frame for ulna_r_imu
[2024-05-14 15:27:31.565] [info] Added offset frame for ulna_r_imu.
[2024-05-14 15:27:31.565] [info] ulna_r_imu offset computed from ulna_r_imu data from file.
[2024-05-14 15:27:31.687] [info] Loaded model Rajagopal_2015 from file OpenSense/Rajagopal_2015_calibrated.osim
[2024-05-14 15:27:31.718] [info] Loading orientations as quaternions from 'OpenSense/lifting_orientations.sto'...
[2024-05-14 15:27:32.519] [info] InverseKinematicsSolver found 4 model frames to track.
[2024-05-14 15:27:48.291] [info] Wrote IK with IMU tracking results to: 'ik_lifting_orientations.mot'.
[2024-05-14 15:27:53.251] [info] Loaded model Rajagopal_2015 from file OpenSense/Rajagopal_2015.osim
[2024-05-14 15:27:53.301] [info] Heading correction computed to be 71.7919 degs about ground Y.
[2024-05-14 15:27:53.303] [info] Processing pelvis_imu
[2024-05-14 15:27:53.303] [info] Computed offset for pelvis_imu
[2024-05-14 15:27:53.303] [info] Offset is 
[0.0448569,-0.147093,0.988105]
[-0.312469,0.937406,0.153731]
[-0.948868,-0.315648,-0.00391272]

[2024-05-14 15:27:53.304] [info] Creating offset frame for pelvis_imu
[2024-05-14 15:27:53.307] [info] Added offset frame for pelvis_imu.
[2024-05-14 15:27:53.307] [info] pelvis_imu offset computed from pelvis_imu data from file.
[2024-05-14 15:27:53.307] [info] Processing torso_imu
[2024-05-14 15:27:53.307] [info] Computed offset for torso_imu
[2024-05-14 15:27:53.308] [info] Offset is 
[0.0848633,-0.494717,0.864901]
[-0.390947,0.781893,0.485597]
[-0.916493,-0.379339,-0.127054]

[2024-05-14 15:27:53.308] [info] Creating offset frame for torso_imu
[2024-05-14 15:27:53.310] [info] Added offset frame for torso_imu.
[2024-05-14 15:27:53.311] [info] torso_imu offset computed from torso_imu data from file.
[2024-05-14 15:27:53.322] [info] Processing humerus_r_imu
[2024-05-14 15:27:53.322] [info] Computed offset for humerus_r_imu
[2024-05-14 15:27:53.322] [info] Offset is 
[0.615683,-0.215218,-0.758035]
[-0.38106,-0.923337,-0.0473506]
[-0.689731,0.318009,-0.650493]

[2024-05-14 15:27:53.323] [info] Creating offset frame for humerus_r_imu
[2024-05-14 15:27:53.326] [info] Added offset frame for humerus_r_imu.
[2024-05-14 15:27:53.326] [info] humerus_r_imu offset computed from humerus_r_imu data from file.
[2024-05-14 15:27:53.326] [info] Processing ulna_r_imu
[2024-05-14 15:27:53.327] [info] Computed offset for ulna_r_imu
[2024-05-14 15:27:53.327] [info] Offset is 
[-0.0562678,-0.99602,0.0691231]
[-0.356873,-0.044595,-0.933088]
[0.932457,-0.077171,-0.352944]

[2024-05-14 15:27:53.328] [info] Creating offset frame for ulna_r_imu
[2024-05-14 15:27:53.333] [info] Added offset frame for ulna_r_imu.
[2024-05-14 15:27:53.334] [info] ulna_r_imu offset computed from ulna_r_imu data from file.
[2024-05-14 15:27:53.449] [info] Loaded model Rajagopal_2015 from file OpenSense/Rajagopal_2015_calibrated.osim
[2024-05-14 15:27:53.476] [info] Loading orientations as quaternions from 'OpenSense/lifting_orientations.sto'...
[2024-05-14 15:27:54.368] [info] InverseKinematicsSolver found 4 model frames to track.
[2024-05-14 15:28:04.202] [info] Wrote IK with IMU tracking results to: 'ik_lifting_orientations.mot'.
[2024-05-14 15:28:27.417] [info] Loaded model Rajagopal_2015 from file OpenSense/Rajagopal_2015.osim
[2024-05-14 15:28:27.484] [info] Heading correction computed to be 19.5309 degs about ground Y.
[2024-05-14 15:28:27.487] [info] Processing pelvis_imu
[2024-05-14 15:28:27.487] [info] Computed offset for pelvis_imu
[2024-05-14 15:28:27.487] [info] Offset is 
[0.083472,-0.0414785,0.995647]
[-0.942461,0.321294,0.0923982]
[-0.323727,-0.946071,-0.0122728]

[2024-05-14 15:28:27.488] [info] Creating offset frame for pelvis_imu
[2024-05-14 15:28:27.490] [info] Added offset frame for pelvis_imu.
[2024-05-14 15:28:27.491] [info] pelvis_imu offset computed from pelvis_imu data from file.
[2024-05-14 15:28:27.491] [info] Processing torso_imu
[2024-05-14 15:28:27.491] [info] Computed offset for torso_imu
[2024-05-14 15:28:27.492] [info] Offset is 
[0.159238,-0.365232,0.917196]
[-0.987013,-0.038961,0.155844]
[-0.0211844,-0.930101,-0.366693]

[2024-05-14 15:28:27.494] [info] Creating offset frame for torso_imu
[2024-05-14 15:28:27.498] [info] Added offset frame for torso_imu.
[2024-05-14 15:28:27.498] [info] torso_imu offset computed from torso_imu data from file.
[2024-05-14 15:28:27.499] [info] Processing humerus_r_imu
[2024-05-14 15:28:27.500] [info] Computed offset for humerus_r_imu
[2024-05-14 15:28:27.500] [info] Offset is 
[0.568303,-0.548409,0.613416]
[0.553378,-0.296979,-0.778188]
[0.608937,0.781698,0.134703]

[2024-05-14 15:28:27.501] [info] Creating offset frame for humerus_r_imu
[2024-05-14 15:28:27.503] [info] Added offset frame for humerus_r_imu.
[2024-05-14 15:28:27.503] [info] humerus_r_imu offset computed from humerus_r_imu data from file.
[2024-05-14 15:28:27.503] [info] Processing ulna_r_imu
[2024-05-14 15:28:27.504] [info] Computed offset for ulna_r_imu
[2024-05-14 15:28:27.504] [info] Offset is 
[0.459933,-0.388259,0.798572]
[0.520974,-0.610289,-0.596769]
[0.71906,0.690509,-0.0784195]

[2024-05-14 15:28:27.505] [info] Creating offset frame for ulna_r_imu
[2024-05-14 15:28:27.508] [info] Added offset frame for ulna_r_imu.
[2024-05-14 15:28:27.508] [info] ulna_r_imu offset computed from ulna_r_imu data from file.
[2024-05-14 15:28:28.412] [info] InverseKinematicsSolver found 4 model frames to track.
[2024-05-14 15:28:44.417] [info] Loaded model Rajagopal_2015 from file OpenSense/Rajagopal_2015_calibrated.osim
[2024-05-14 15:28:44.454] [info] Loading orientations as quaternions from 'OpenSense/lifting_orientations.sto'...
[2024-05-14 15:28:44.468] [info] InverseKinematicsSolver found 4 model frames to track.
[2024-05-14 15:28:44.627] [info] Solved at time: 0.02 s
[2024-05-14 15:28:44.643] [info] Solved at time: 0.03 s
[2024-05-14 15:28:44.673] [info] Solved at time: 0.04 s
[2024-05-14 15:28:44.690] [info] Solved at time: 0.05 s
[2024-05-14 15:28:44.702] [info] Solved at time: 0.06 s
[2024-05-14 15:28:44.728] [info] Solved at time: 0.07 s
[2024-05-14 15:28:44.759] [info] Solved at time: 0.08 s
[2024-05-14 15:28:44.778] [info] Solved at time: 0.09 s
[2024-05-14 15:28:44.804] [info] Solved at time: 0.1 s
[2024-05-14 15:28:44.824] [info] Solved at time: 0.11 s
[2024-05-14 15:28:44.839] [info] Solved at time: 0.12 s
[2024-05-14 15:28:44.858] [info] Solved at time: 0.13 s
[2024-05-14 15:28:44.874] [info] Solved at time: 0.14 s
[2024-05-14 15:28:44.905] [info] Solved at time: 0.15 s
[2024-05-14 15:28:44.948] [info] Solved at time: 0.16 s
[2024-05-14 15:28:44.968] [info] Solved at time: 0.17 s
[2024-05-14 15:28:45.002] [info] Solved at time: 0.18 s
[2024-05-14 15:28:45.027] [info] Solved at time: 0.19 s
[2024-05-14 15:28:45.039] [info] Solved at time: 0.2 s
[2024-05-14 15:28:45.053] [info] Solved at time: 0.21 s
[2024-05-14 15:28:45.064] [info] Solved at time: 0.22 s
[2024-05-14 15:28:45.077] [info] Solved at time: 0.23 s
[2024-05-14 15:28:45.091] [info] Solved at time: 0.24 s
[2024-05-14 15:28:45.104] [info] Solved at time: 0.25 s
[2024-05-14 15:28:45.123] [info] Solved at time: 0.26 s
[2024-05-14 15:28:45.135] [info] Solved at time: 0.27 s
[2024-05-14 15:28:45.159] [info] Solved at time: 0.28 s
[2024-05-14 15:28:45.173] [info] Solved at time: 0.29 s
[2024-05-14 15:28:45.197] [info] Solved at time: 0.3 s
[2024-05-14 15:28:45.210] [info] Solved at time: 0.31 s
[2024-05-14 15:28:45.235] [info] Solved at time: 0.32 s
[2024-05-14 15:28:45.272] [info] Solved at time: 0.33 s
[2024-05-14 15:28:45.304] [info] Solved at time: 0.34 s
[2024-05-14 15:28:45.322] [info] Solved at time: 0.35 s
[2024-05-14 15:28:45.337] [info] Solved at time: 0.36 s
[2024-05-14 15:28:45.354] [info] Solved at time: 0.37 s
[2024-05-14 15:28:45.373] [info] Solved at time: 0.38 s
[2024-05-14 15:28:45.395] [info] Solved at time: 0.39 s
[2024-05-14 15:28:45.421] [info] Solved at time: 0.4 s
[2024-05-14 15:28:45.445] [info] Solved at time: 0.41 s
[2024-05-14 15:28:45.479] [info] Solved at time: 0.42 s
[2024-05-14 15:28:45.493] [info] Solved at time: 0.43 s
[2024-05-14 15:28:45.512] [info] Solved at time: 0.44 s
[2024-05-14 15:28:45.537] [info] Solved at time: 0.45 s
[2024-05-14 15:28:45.562] [info] Solved at time: 0.46 s
[2024-05-14 15:28:45.577] [info] Solved at time: 0.47 s
[2024-05-14 15:28:45.600] [info] Solved at time: 0.48 s
[2024-05-14 15:28:45.617] [info] Solved at time: 0.49 s
[2024-05-14 15:28:45.635] [info] Solved at time: 0.5 s
[2024-05-14 15:28:45.654] [info] Solved at time: 0.51 s
[2024-05-14 15:28:45.669] [info] Solved at time: 0.52 s
[2024-05-14 15:28:45.689] [info] Solved at time: 0.53 s
[2024-05-14 15:28:45.707] [info] Solved at time: 0.54 s
[2024-05-14 15:28:45.731] [info] Solved at time: 0.55 s
[2024-05-14 15:28:45.748] [info] Solved at time: 0.56 s
[2024-05-14 15:28:45.765] [info] Solved at time: 0.57 s
[2024-05-14 15:28:45.778] [info] Solved at time: 0.58 s
[2024-05-14 15:28:45.802] [info] Solved at time: 0.59 s
[2024-05-14 15:28:45.826] [info] Solved at time: 0.6 s
[2024-05-14 15:28:45.842] [info] Solved at time: 0.61 s
[2024-05-14 15:28:45.868] [info] Solved at time: 0.62 s
[2024-05-14 15:28:45.886] [info] Solved at time: 0.63 s
[2024-05-14 15:28:45.903] [info] Solved at time: 0.64 s
[2024-05-14 15:28:45.920] [info] Solved at time: 0.65 s
[2024-05-14 15:28:45.936] [info] Solved at time: 0.66 s
[2024-05-14 15:28:45.961] [info] Solved at time: 0.67 s
[2024-05-14 15:28:45.976] [info] Solved at time: 0.68 s
[2024-05-14 15:28:46.023] [info] Solved at time: 0.69 s
[2024-05-14 15:28:46.039] [info] Solved at time: 0.7 s
[2024-05-14 15:28:46.058] [info] Solved at time: 0.71 s
[2024-05-14 15:28:46.076] [info] Solved at time: 0.72 s
[2024-05-14 15:28:46.111] [info] Solved at time: 0.73 s
[2024-05-14 15:28:46.129] [info] Solved at time: 0.74 s
[2024-05-14 15:28:46.147] [info] Solved at time: 0.75 s
[2024-05-14 15:28:46.161] [info] Solved at time: 0.76 s
[2024-05-14 15:28:46.176] [info] Solved at time: 0.77 s
[2024-05-14 15:28:46.200] [info] Solved at time: 0.78 s
[2024-05-14 15:28:46.226] [info] Solved at time: 0.79 s
[2024-05-14 15:28:46.245] [info] Solved at time: 0.8 s
[2024-05-14 15:28:46.277] [info] Solved at time: 0.81 s
[2024-05-14 15:28:46.298] [info] Solved at time: 0.82 s
[2024-05-14 15:28:46.323] [info] Solved at time: 0.83 s
[2024-05-14 15:28:46.344] [info] Solved at time: 0.84 s
[2024-05-14 15:28:46.365] [info] Solved at time: 0.85 s
[2024-05-14 15:28:46.387] [info] Solved at time: 0.86 s
[2024-05-14 15:28:46.416] [info] Solved at time: 0.87 s
[2024-05-14 15:28:46.438] [info] Solved at time: 0.88 s
[2024-05-14 15:28:46.470] [info] Solved at time: 0.89 s
[2024-05-14 15:28:46.503] [info] Solved at time: 0.9 s
[2024-05-14 15:28:46.552] [info] Solved at time: 0.91 s
[2024-05-14 15:28:46.572] [info] Solved at time: 0.92 s
[2024-05-14 15:28:46.607] [info] Solved at time: 0.93 s
[2024-05-14 15:28:46.641] [info] Solved at time: 0.94 s
[2024-05-14 15:28:46.665] [info] Solved at time: 0.95 s
[2024-05-14 15:28:46.688] [info] Solved at time: 0.96 s
[2024-05-14 15:28:46.705] [info] Solved at time: 0.97 s
[2024-05-14 15:28:46.728] [info] Solved at time: 0.98 s
[2024-05-14 15:28:46.745] [info] Solved at time: 0.99 s
[2024-05-14 15:28:46.776] [info] Solved at time: 1.0 s
[2024-05-14 15:28:46.804] [info] Solved at time: 1.01 s
[2024-05-14 15:28:46.823] [info] Solved at time: 1.02 s
[2024-05-14 15:28:46.840] [info] Solved at time: 1.03 s
[2024-05-14 15:28:46.863] [info] Solved at time: 1.04 s
[2024-05-14 15:28:46.880] [info] Solved at time: 1.05 s
[2024-05-14 15:28:46.907] [info] Solved at time: 1.06 s
[2024-05-14 15:28:46.959] [info] Solved at time: 1.07 s
[2024-05-14 15:28:46.991] [info] Solved at time: 1.08 s
[2024-05-14 15:28:47.008] [info] Solved at time: 1.09 s
[2024-05-14 15:28:47.034] [info] Solved at time: 1.1 s
[2024-05-14 15:28:47.059] [info] Solved at time: 1.11 s
[2024-05-14 15:28:47.079] [info] Solved at time: 1.12 s
[2024-05-14 15:28:47.104] [info] Solved at time: 1.13 s
[2024-05-14 15:28:47.133] [info] Solved at time: 1.14 s
[2024-05-14 15:28:47.152] [info] Solved at time: 1.15 s
[2024-05-14 15:28:47.170] [info] Solved at time: 1.16 s
[2024-05-14 15:28:47.194] [info] Solved at time: 1.17 s
[2024-05-14 15:28:47.211] [info] Solved at time: 1.18 s
[2024-05-14 15:28:47.241] [info] Solved at time: 1.19 s
[2024-05-14 15:28:47.288] [info] Solved at time: 1.2 s
[2024-05-14 15:28:47.327] [info] Solved at time: 1.21 s
[2024-05-14 15:28:47.353] [info] Solved at time: 1.22 s
[2024-05-14 15:28:47.381] [info] Solved at time: 1.23 s
[2024-05-14 15:28:47.429] [info] Solved at time: 1.24 s
[2024-05-14 15:28:47.459] [info] Solved at time: 1.25 s
[2024-05-14 15:28:47.479] [info] Solved at time: 1.26 s
[2024-05-14 15:28:47.509] [info] Solved at time: 1.27 s
[2024-05-14 15:28:47.536] [info] Solved at time: 1.28 s
[2024-05-14 15:28:47.558] [info] Solved at time: 1.29 s
[2024-05-14 15:28:47.574] [info] Solved at time: 1.3 s
[2024-05-14 15:28:47.601] [info] Solved at time: 1.31 s
[2024-05-14 15:28:47.642] [info] Solved at time: 1.32 s
[2024-05-14 15:28:47.669] [info] Solved at time: 1.33 s
[2024-05-14 15:28:47.706] [info] Solved at time: 1.34 s
[2024-05-14 15:28:47.827] [info] Solved at time: 1.35 s
[2024-05-14 15:28:47.868] [info] Solved at time: 1.36 s
[2024-05-14 15:28:47.966] [info] Solved at time: 1.37 s
[2024-05-14 15:28:48.029] [info] Solved at time: 1.38 s
[2024-05-14 15:28:48.051] [info] Solved at time: 1.39 s
[2024-05-14 15:28:48.075] [info] Solved at time: 1.4 s
[2024-05-14 15:28:48.105] [info] Solved at time: 1.41 s
[2024-05-14 15:28:48.138] [info] Solved at time: 1.42 s
[2024-05-14 15:28:48.184] [info] Solved at time: 1.43 s
[2024-05-14 15:28:48.220] [info] Solved at time: 1.44 s
[2024-05-14 15:28:48.244] [info] Solved at time: 1.45 s
[2024-05-14 15:28:48.274] [info] Solved at time: 1.46 s
[2024-05-14 15:28:48.302] [info] Solved at time: 1.47 s
[2024-05-14 15:28:48.336] [info] Solved at time: 1.48 s
[2024-05-14 15:28:48.361] [info] Solved at time: 1.49 s
[2024-05-14 15:28:48.394] [info] Solved at time: 1.5 s
[2024-05-14 15:28:48.428] [info] Solved at time: 1.51 s
[2024-05-14 15:28:48.449] [info] Solved at time: 1.52 s
[2024-05-14 15:28:48.471] [info] Solved at time: 1.53 s
[2024-05-14 15:28:48.498] [info] Solved at time: 1.54 s
[2024-05-14 15:28:48.525] [info] Solved at time: 1.55 s
[2024-05-14 15:28:48.545] [info] Solved at time: 1.56 s
[2024-05-14 15:28:48.572] [info] Solved at time: 1.57 s
[2024-05-14 15:28:48.594] [info] Solved at time: 1.58 s
[2024-05-14 15:28:48.622] [info] Solved at time: 1.59 s
[2024-05-14 15:28:48.653] [info] Solved at time: 1.6 s
[2024-05-14 15:28:48.701] [info] Solved at time: 1.61 s
[2024-05-14 15:28:48.726] [info] Solved at time: 1.62 s
[2024-05-14 15:28:48.760] [info] Solved at time: 1.63 s
[2024-05-14 15:28:48.785] [info] Solved at time: 1.64 s
[2024-05-14 15:28:48.808] [info] Solved at time: 1.65 s
[2024-05-14 15:28:48.842] [info] Solved at time: 1.66 s
[2024-05-14 15:28:48.877] [info] Solved at time: 1.67 s
[2024-05-14 15:28:48.897] [info] Solved at time: 1.68 s
[2024-05-14 15:28:48.929] [info] Solved at time: 1.69 s
[2024-05-14 15:28:48.961] [info] Solved at time: 1.7 s
[2024-05-14 15:28:48.986] [info] Solved at time: 1.71 s
[2024-05-14 15:28:49.006] [info] Solved at time: 1.72 s
[2024-05-14 15:28:49.039] [info] Solved at time: 1.73 s
[2024-05-14 15:28:49.077] [info] Solved at time: 1.74 s
[2024-05-14 15:28:49.098] [info] Solved at time: 1.75 s
[2024-05-14 15:28:49.128] [info] Solved at time: 1.76 s
[2024-05-14 15:28:49.155] [info] Solved at time: 1.77 s
[2024-05-14 15:28:49.176] [info] Solved at time: 1.78 s
[2024-05-14 15:28:49.208] [info] Solved at time: 1.79 s
[2024-05-14 15:28:49.241] [info] Solved at time: 1.8 s
[2024-05-14 15:28:49.264] [info] Solved at time: 1.81 s
[2024-05-14 15:28:49.289] [info] Solved at time: 1.82 s
[2024-05-14 15:28:49.309] [info] Solved at time: 1.83 s
[2024-05-14 15:28:49.342] [info] Solved at time: 1.84 s
[2024-05-14 15:28:49.362] [info] Solved at time: 1.85 s
[2024-05-14 15:28:49.397] [info] Solved at time: 1.86 s
[2024-05-14 15:28:49.439] [info] Solved at time: 1.87 s
[2024-05-14 15:28:49.457] [info] Solved at time: 1.88 s
[2024-05-14 15:28:49.478] [info] Solved at time: 1.89 s
[2024-05-14 15:28:49.494] [info] Solved at time: 1.9 s
[2024-05-14 15:28:49.513] [info] Solved at time: 1.91 s
[2024-05-14 15:28:49.541] [info] Solved at time: 1.92 s
[2024-05-14 15:28:49.556] [info] Solved at time: 1.93 s
[2024-05-14 15:28:49.573] [info] Solved at time: 1.94 s
[2024-05-14 15:28:49.595] [info] Solved at time: 1.95 s
[2024-05-14 15:28:49.613] [info] Solved at time: 1.96 s
[2024-05-14 15:28:49.639] [info] Solved at time: 1.97 s
[2024-05-14 15:28:49.657] [info] Solved at time: 1.98 s
[2024-05-14 15:28:49.673] [info] Solved at time: 1.99 s
[2024-05-14 15:28:49.695] [info] Solved at time: 2.0 s
[2024-05-14 15:28:49.708] [info] Solved at time: 2.01 s
[2024-05-14 15:28:49.728] [info] Solved at time: 2.02 s
[2024-05-14 15:28:49.744] [info] Solved at time: 2.03 s
[2024-05-14 15:28:49.759] [info] Solved at time: 2.04 s
[2024-05-14 15:28:49.772] [info] Solved at time: 2.05 s
[2024-05-14 15:28:49.797] [info] Solved at time: 2.06 s
[2024-05-14 15:28:49.846] [info] Solved at time: 2.07 s
[2024-05-14 15:28:49.861] [info] Solved at time: 2.08 s
[2024-05-14 15:28:49.877] [info] Solved at time: 2.09 s
[2024-05-14 15:28:49.896] [info] Solved at time: 2.1 s
[2024-05-14 15:28:49.922] [info] Solved at time: 2.11 s
[2024-05-14 15:28:49.938] [info] Solved at time: 2.12 s
[2024-05-14 15:28:49.959] [info] Solved at time: 2.13 s
[2024-05-14 15:28:49.976] [info] Solved at time: 2.14 s
[2024-05-14 15:28:50.046] [info] Solved at time: 2.15 s
[2024-05-14 15:28:50.070] [info] Solved at time: 2.16 s
[2024-05-14 15:28:50.100] [info] Solved at time: 2.17 s
[2024-05-14 15:28:50.119] [info] Solved at time: 2.18 s
[2024-05-14 15:28:50.129] [info] Solved at time: 2.19 s
[2024-05-14 15:28:50.144] [info] Solved at time: 2.2 s
[2024-05-14 15:28:50.166] [info] Solved at time: 2.21 s
[2024-05-14 15:28:50.180] [info] Solved at time: 2.22 s
[2024-05-14 15:28:50.203] [info] Solved at time: 2.23 s
[2024-05-14 15:28:50.227] [info] Solved at time: 2.24 s
[2024-05-14 15:28:50.243] [info] Solved at time: 2.25 s
[2024-05-14 15:28:50.258] [info] Solved at time: 2.26 s
[2024-05-14 15:28:50.275] [info] Solved at time: 2.27 s
[2024-05-14 15:28:50.303] [info] Solved at time: 2.28 s
[2024-05-14 15:28:50.312] [info] Solved at time: 2.29 s
[2024-05-14 15:28:50.341] [info] Solved at time: 2.3 s
[2024-05-14 15:28:50.394] [info] Solved at time: 2.31 s
[2024-05-14 15:28:50.413] [info] Solved at time: 2.32 s
[2024-05-14 15:28:50.441] [info] Solved at time: 2.33 s
[2024-05-14 15:28:50.470] [info] Solved at time: 2.34 s
[2024-05-14 15:28:50.492] [info] Solved at time: 2.35 s
[2024-05-14 15:28:50.510] [info] Solved at time: 2.36 s
[2024-05-14 15:28:50.529] [info] Solved at time: 2.37 s
[2024-05-14 15:28:50.547] [info] Solved at time: 2.38 s
[2024-05-14 15:28:50.570] [info] Solved at time: 2.39 s
[2024-05-14 15:28:50.600] [info] Solved at time: 2.4 s
[2024-05-14 15:28:50.628] [info] Solved at time: 2.41 s
[2024-05-14 15:28:50.646] [info] Solved at time: 2.42 s
[2024-05-14 15:28:50.669] [info] Solved at time: 2.43 s
[2024-05-14 15:28:50.695] [info] Solved at time: 2.44 s
[2024-05-14 15:28:50.712] [info] Solved at time: 2.45 s
[2024-05-14 15:28:50.741] [info] Solved at time: 2.46 s
[2024-05-14 15:28:50.764] [info] Solved at time: 2.47 s
[2024-05-14 15:28:50.791] [info] Solved at time: 2.48 s
[2024-05-14 15:28:50.812] [info] Solved at time: 2.49 s
[2024-05-14 15:28:50.838] [info] Solved at time: 2.5 s
[2024-05-14 15:28:50.866] [info] Solved at time: 2.51 s
[2024-05-14 15:28:50.892] [info] Solved at time: 2.52 s
[2024-05-14 15:28:50.913] [info] Solved at time: 2.53 s
[2024-05-14 15:28:50.960] [info] Solved at time: 2.54 s
[2024-05-14 15:28:50.992] [info] Solved at time: 2.55 s
[2024-05-14 15:28:51.013] [info] Solved at time: 2.56 s
[2024-05-14 15:28:51.044] [info] Solved at time: 2.57 s
[2024-05-14 15:28:51.073] [info] Solved at time: 2.58 s
[2024-05-14 15:28:51.095] [info] Solved at time: 2.59 s
[2024-05-14 15:28:51.113] [info] Solved at time: 2.6 s
[2024-05-14 15:28:51.143] [info] Solved at time: 2.61 s
[2024-05-14 15:28:51.169] [info] Solved at time: 2.62 s
[2024-05-14 15:28:51.239] [info] Solved at time: 2.63 s
[2024-05-14 15:28:51.275] [info] Solved at time: 2.64 s
[2024-05-14 15:28:51.303] [info] Solved at time: 2.65 s
[2024-05-14 15:28:51.333] [info] Solved at time: 2.66 s
[2024-05-14 15:28:51.354] [info] Solved at time: 2.67 s
[2024-05-14 15:28:51.374] [info] Solved at time: 2.68 s
[2024-05-14 15:28:51.401] [info] Solved at time: 2.69 s
[2024-05-14 15:28:51.428] [info] Solved at time: 2.7 s
[2024-05-14 15:28:51.446] [info] Solved at time: 2.71 s
[2024-05-14 15:28:51.492] [info] Solved at time: 2.72 s
[2024-05-14 15:28:51.521] [info] Solved at time: 2.73 s
[2024-05-14 15:28:51.538] [info] Solved at time: 2.74 s
[2024-05-14 15:28:51.558] [info] Solved at time: 2.75 s
[2024-05-14 15:28:51.575] [info] Solved at time: 2.76 s
[2024-05-14 15:28:51.592] [info] Solved at time: 2.77 s
[2024-05-14 15:28:51.610] [info] Solved at time: 2.78 s
[2024-05-14 15:28:51.638] [info] Solved at time: 2.79 s
[2024-05-14 15:28:51.664] [info] Solved at time: 2.8 s
[2024-05-14 15:28:51.683] [info] Solved at time: 2.81 s
[2024-05-14 15:28:51.706] [info] Solved at time: 2.82 s
[2024-05-14 15:28:51.729] [info] Solved at time: 2.83 s
[2024-05-14 15:28:51.757] [info] Solved at time: 2.84 s
[2024-05-14 15:28:51.770] [info] Solved at time: 2.85 s
[2024-05-14 15:28:51.789] [info] Solved at time: 2.86 s
[2024-05-14 15:28:51.807] [info] Solved at time: 2.87 s
[2024-05-14 15:28:51.829] [info] Solved at time: 2.88 s
[2024-05-14 15:28:51.868] [info] Solved at time: 2.89 s
[2024-05-14 15:28:51.885] [info] Solved at time: 2.9 s
[2024-05-14 15:28:51.903] [info] Solved at time: 2.91 s
[2024-05-14 15:28:51.928] [info] Solved at time: 2.92 s
[2024-05-14 15:28:51.940] [info] Solved at time: 2.93 s
[2024-05-14 15:28:51.960] [info] Solved at time: 2.94 s
[2024-05-14 15:28:51.979] [info] Solved at time: 2.95 s
[2024-05-14 15:28:52.004] [info] Solved at time: 2.96 s
[2024-05-14 15:28:52.025] [info] Solved at time: 2.97 s
[2024-05-14 15:28:52.043] [info] Solved at time: 2.98 s
[2024-05-14 15:28:52.063] [info] Solved at time: 2.99 s
[2024-05-14 15:28:52.091] [info] Solved at time: 3.0 s
[2024-05-14 15:28:52.108] [info] Solved at time: 3.01 s
[2024-05-14 15:28:52.123] [info] Solved at time: 3.02 s
[2024-05-14 15:28:52.136] [info] Solved at time: 3.03 s
[2024-05-14 15:28:52.160] [info] Solved at time: 3.04 s
