0.02,-360.6165800427484,71.80315483056742,159.62276399618852,0.100932253045855,0.1435996298207365,0.0978053890590084,0.648022268247384,0.5309279216525102,1.196385694051312,-176.25581421205032,85.1240293668323,4.369261593899044,0.0906782397351403,0.9520231190385152,0.0004793734524583,0.5697406972192677,0.4932863241515942,0.469162860389172,-187.69425273580308,0.4478021897835901,8.42298812207081,-0.0030264918847387,0.0112526161604998,-0.0025188386641693,0.0426810837246576,0.1730179826148311,0.0437854719751661,-150.09156637860585,18.383916469118315,17.99274367533235,0.0290992512281826,0.1513452096442221,0.6099613656950285,0.3834000003918092,0.598794098352286,0.1463722373889588
0.03,-360.9401677796672,71.56837323078473,159.5054657585331,0.0426140047734646,0.2137213086549483,0.0279017253261079,0.7526444634517282,0.5439049686307914,1.4256972325217,-176.3083719475695,84.51238538401674,4.385285179286535,0.143389752471371,1.0371125718200114,0.0168742743327402,0.6607549836798167,0.5685763554403596,0.5886207722547868,-187.59327763727285,0.3625556569545249,8.451142391166018,-0.0123415604125449,0.019626610868196,0.0299176915851019,0.0607275709236047,0.1613909510066808,0.0192043788483205,-149.41424956274048,18.88078609218905,17.940192858002533,0.0024074834568445,0.1648897457594562,0.6430003348804291,0.2690220816726237,0.5534080906926517,0.1795008244682282
0.04,-361.1191253958586,71.38227994623193,159.79843754818327,0.1561326600244314,0.2122671759208083,0.155359279437906,0.8465211469723294,0.5575984036697454,1.5498205946971215,-176.36465859190727,83.6814211100753,4.357928236777038,0.1421646399006889,1.140400374843361,0.0310587159377052,1.199098183103425,0.5891103707201423,0.8872505575665068,-187.61698451135712,0.3745356257948211,8.442791952794263,-0.010156437543129,-0.0011981066304343,-0.0137578019127346,0.1011744526434486,0.1327678635656375,0.0005167279820353,-148.78631099991546,19.299934755533677,17.874342591624533,0.0303944765298999,0.1605819633544503,0.6110690989429844,0.0723511520303256,0.5177477737439268,0.2365253767667721
0.05,-361.2685770402677,71.19676659202747,159.9292527146301,0.0791625015820368,0.1819552602564234,0.1577024140738597,1.192466053088805,0.4006151414975833,1.310927373960244,-176.308735832782,82.56605415225732,4.371540055222989,0.098633916243318,1.4177682611976783,0.0356594380239729,1.4352547333678418,0.6010571524009715,0.2067004378629156,-187.61780544662287,0.3667180807538998,8.444160239867813,0.0243978334902568,0.0239109129718888,-0.002112493900438,0.0363532707289924,0.1634734682444395,-0.004545224992477,-148.49842346598805,19.50105288843316,17.804172530943433,0.0421206920561751,0.1367097759961327,0.5665406085177629,0.068895407766753,0.4470697212303357,0.2923104407598891
0.06,-361.2598155378421,70.99041070250436,160.7055299019414,0.1004609639502743,0.4547538011516064,0.1259539360302859,1.9562125569864728,0.2154198545403043,0.976350862521653,-176.19898022798682,80.93930476647206,4.373519938876005,0.1449092146553286,1.759666902983761,0.0721487210036731,1.5391084590095043,0.6847471085672083,0.6883350932041711,-187.6051162225749,0.3918802202088546,8.504111772424588,0.0205345356302493,0.0136231275266829,0.0052887388481852,0.0795840628525072,0.1898914118404074,0.03004713966727,-147.87306293502382,19.828300643106072,17.689073868541286,0.0117549325199118,0.1263011166729636,0.5729030979695663,0.2170565395840921,0.1434218288131563,0.6020016117902145
0.07,-361.4481608564926,70.44155422264603,161.44566566317772,0.1725312481958304,0.814235696423419,0.0748936287882568,3.379544906763571,0.0391176133573663,0.7864891024880624,-176.24263014779612,79.99124275196078,7.178774025268761,0.2994050169350619,1.8438968475595408,0.0828612490479619,1.625301382536853,0.5836016200097354,0.7670355580314427,-187.68682834087255,0.3660921233142331,8.503135128620055,0.0131390982021941,0.0147116883233535,0.0178922781369533,0.0830695071670815,0.1272026566177124,-0.0082845840287221,-147.31453870212644,20.18718061478024,17.44970840452489,0.0011818993423565,0.1400271669613002,0.4940368782843708,0.4831357651425506,0.1348146274724299,0.5049574279857836
0.08,-362.010431126204,69.35864093012381,162.00319130519475,0.1616859519236975,1.430363034292657,0.1372521643018887,3.869811455648848,0.1393890247386365,0.795893890885219,-176.3065297102143,78.1357051402431,11.581877715595695,0.2699151523923972,1.82617506108018,0.0752653331659758,2.3125517706385725,0.4416883704412596,0.1742061833011884,-187.68438610818976,0.3751355287810604,8.510342415319926,0.0181731094888955,0.0300768511683374,0.0123217067690281,0.1292297093249617,0.1019753773677324,-0.0004811578442431,-146.80635310484334,20.494714530955505,17.243206803649546,-0.0082833286165445,0.1376563487746091,0.3921287825016909,0.7714226540281379,0.1137981105839542,0.7478617508217064
0.09,-363.0508917774167,67.26975655467056,162.72931037144468,0.2776470901332932,1.8391131770421447,0.2442736464167763,2.841039547229897,0.2941137976863568,0.6806473736272387,-176.31224957682062,76.08738545886371,14.337741958664491,0.2441804664695249,1.9467396392064085,0.1057207996274173,2.833060493591056,0.2340369392990351,0.3172698934936053,-187.6908100243712,0.3017188164011222,8.50369098390055,-3.101136918820524e-05,0.0097980057894032,0.0065887327795265,0.1020199427477776,0.1332944860892218,-0.0162636451467174,-146.45025930234624,20.67739456703044,17.120717704023967,0.0171700122793528,0.1063895610898569,0.3420790344298945,0.9236807225070548,0.2213301375505633,1.215742563297753
0.1,-364.1423706916209,65.19756476126258,163.44822492424456,0.3773046314582323,2.2522102983813617,0.3182998525550016,1.8421067599665215,0.4768944649636874,0.5689640346182498,-176.30324478398597,74.04062435898679,17.11966210206413,0.1891731722306509,2.082149140305332,0.1628844198975449,3.34048692800719,0.0720493557380382,0.4920972051949072,-187.69871508318704,0.307796370372301,8.564778113116498,0.0042635300611349,0.0009780303055724,0.0090985406025571,0.077134410272025,0.154373749466692,-0.0019641632821915,-146.12175140692833,20.8738255763707,17.058512545145668,0.0159050663827113,0.0293625248310563,0.279258060968324,0.9787824907056614,0.3407046948733709,2.2233158387473377
0.11,-365.37329349911016,62.80232006199807,163.99778156081555,0.1429076736493788,2.055964550970187,0.3174555144802022,2.1155643428148894,0.6208580273535057,0.5009218626308847,-176.1197994880643,71.73321118529412,18.918415855386485,0.0960074981318935,2.23647476967928,0.1840132480128121,3.711696849533873,0.4145158203283961,1.2911006095040287,-187.74422671923057,0.3036001434350329,8.555332243015071,0.0360702643212925,0.0028773961425842,0.0218637151766972,0.0607094422476469,0.1204295416751833,0.024076052169527,-145.81097629282863,20.9951682538143,16.93180603133762,0.0184952518902036,0.0146231835169916,0.3270600603575164,1.003132582479456,0.6481553449484263,2.9174570968078326
0.12,-366.8873275353082,60.397768605719946,164.05150031242823,0.2748623692959476,2.3124875872021424,0.437918184290398,2.527895944994361,0.559546220733593,0.5020964392753934,-175.32628576495145,68.52686577998003,20.29696633364064,0.1224921434150499,2.3014632866558555,0.1923909451888734,3.566395792169139,0.3048091410692723,1.4269290436299542,-187.74947670748216,0.288821367477562,8.561662855601767,0.0287143929969238,0.0225385561846857,0.0032070546461739,0.0684595896249941,0.1306583388277222,0.0233155196486934,-145.3739335324466,21.014301682639296,16.793348367196103,0.0390602976323271,0.1038361111038749,0.4051176254355612,1.0789129137069782,0.6988889597566704,3.3000199305020765
0.13,-368.3822493063043,58.000065867109306,164.12761492758267,0.3939908197672925,2.593851318249752,0.5564234437158703,2.9597718322640176,0.5174392449864308,0.5032285110675716,-174.5189957850048,65.30594325578774,21.69480908005016,0.1768422085384876,2.3929373436663237,0.181945615900909,3.413160806567232,0.2128491569715061,1.5783373883659657,-187.7513242358712,0.2969846468721729,8.556822449859045,0.0067980949839264,-0.0043147523098104,0.0177274883395969,0.0925480620743305,0.1330105726575132,0.0045443343718331,-144.79050266683808,20.989151180894485,16.70140995317098,0.0718638133614258,0.2030252921929233,0.5885916299034663,1.25502744995491,0.8380816593503749,3.702796326108337
0.14,-370.92442062463687,55.00264593511393,163.94554113961783,0.5690751715123499,2.7110849826320798,0.5308286076976405,1.0511537431335063,0.3020518918233875,0.9551533612649232,-173.92474340103746,62.75442646644261,22.380049242435067,0.0975979244517805,2.2341751881357017,0.2297391983404187,2.3056614295958693,0.8495764670111122,0.8188347897973758,-187.8098875899777,0.3128681411008872,8.63474793569946,0.0139956760744636,-0.0125456906874771,0.0244780219832334,0.0354988357607983,0.1147120013859187,0.0182034418786835,-144.12819713377823,21.001050321733832,16.497069042701295,0.0979002957983118,0.2130546446167266,0.634400754819038,1.3520194698198431,0.7980831820675847,4.001800798206203
0.15,-373.62812859999934,52.29972377773885,163.73455680843006,0.83681290935831,1.9208993605506777,0.1245862898343529,0.7156631049865836,0.7179195483090929,2.34197421850994,-174.0020832507429,60.58470115800155,23.109843970662045,0.5753006343644774,1.912289659558024,0.3294053044047543,2.1641464478702064,1.1215518161448437,0.6922003542344252,-187.807022787711,0.3256058265686387,8.618194154948034,0.0079068040201103,-0.0208922214854095,0.0025129586250871,0.0293619166306196,0.1202811281909086,0.0098964517199593,-143.1722486195536,20.93298350178568,16.304577068136,0.1033023898431611,0.2526124539690218,0.8245531092957281,1.1437016317295912,0.977338152857574,4.256367014548935
0.16,-376.4406824756108,50.3893549054033,163.4445365754864,0.6686720178517928,1.7851926318925784,0.3090470898323986,0.99008713293875,0.9299237005378908,2.033754324753188,-174.68752624673076,58.442863294349365,24.00140493150464,0.8259583950459316,1.85641373164209,0.3639489620350642,2.552495156972044,1.1641293847568406,0.925295877959901,-187.80164687094265,0.3753522987647401,8.621569128071048,-0.0067131094465924,-0.0102574898487742,0.004934602736615,0.0878598798233725,0.0869112269891831,0.0032465972561639,-142.04772295371467,20.9318775954324,15.952489892732908,0.0789494343780496,0.2722786968432607,0.992309089657159,1.156991916800246,0.936587569352283,4.328021937604331
0.17,-379.1932210372258,48.25733248856918,163.1014372906312,0.6388597723991286,2.04638759580852,0.2536929143897246,2.340529363427619,0.284647159951725,1.271796438917816,-175.3288841818426,56.13924611130736,24.72032970407261,0.7034384127529305,2.1501320923634744,0.3844499161769073,3.025300919112444,1.134097662546919,1.879060489223605,-187.80372355217625,0.3690383416081663,8.619178132240018,-0.0115031893847371,-0.0058669253109705,0.0164925881408581,0.0965356821852994,0.080515099745515,0.0042166052607256,-140.86713327396902,20.9945971032674,15.632585071175422,0.1137731191821738,0.2601012348864373,1.0223518270263243,1.3244298721517644,0.9834555835514768,4.69312568889171
0.18,-382.3764475080222,45.43911485625157,163.19169763500776,0.4108621500658753,2.9662343460824245,0.0711268544540823,0.9991662798488437,1.4335939062420764,1.8201422046010027,-175.42628544764793,53.24341365611245,25.48448044659688,0.5094603614732346,2.6787898487345485,0.3762257124622423,2.836883100298121,0.3356350356425406,1.938508132114736,-187.801157733348,0.3590195662722858,8.625367710863674,0.0045255818701148,0.0160399706619782,0.0081650511393185,0.096532334452155,0.1130347927809342,0.0166628990853709,-139.7736471688519,20.99588481726485,15.32353108813594,0.100336132815492,0.2484337184393578,0.9860834564382576,1.2687274657548426,0.6706323437075418,4.136896973188677
0.19,-382.361325644248,42.7517589892811,163.70403903854896,0.2224219731224719,2.5147626311759863,0.0477685322941837,1.0662342095361077,2.237522814436912,3.0798731431143693,-175.36648775461074,51.7407187507535,25.830059351124717,0.3116389276955597,2.5956870485748462,0.1823397966585087,1.924432135759642,0.6256785021092841,1.411575455568512,-187.78842703786177,0.3611713178455924,8.628976264509312,0.0028181992339078,-0.0062774240303929,0.0085823847035108,0.103067231079325,0.123839700427573,0.0144482648170414,-138.61113225351835,20.984904043508426,14.98091009332641,0.0757609504647111,0.2552784553650504,0.9417259631370368,1.2144857562606577,0.4583481487598929,3.6383882099992406
0.2,-382.3697464073093,40.066726328071496,164.2112398145416,0.053801300655237,2.034590398982528,0.0595510970249692,1.136942960767943,3.035728398954492,4.393613826174807,-175.10024856569254,49.414301130906544,26.306222820048117,0.2055658922129338,2.141132691598872,0.1126495508935286,1.969161961371144,0.5990835558503999,1.4463093455732456,-187.7900261472894,0.36824366473678,8.628685082887623,-0.005336320016867,-0.001122877757101,0.010987945492916,0.0706030608388205,0.1821700514141356,0.0320037511717266,-137.60758542297842,20.99420087634267,14.675517276901088,0.0487691869333025,0.1292582030854008,0.803914933642732,1.3776930429305323,0.4428261066215496,2.938044710874326
0.21,-382.4789049033766,39.06556616479047,164.59878884420442,0.1164380635293294,4.704237027781285,0.3329054891982057,0.6769482719577882,2.4515498272433267,3.824484351194927,-174.94825023456968,48.23741271451817,26.550899524123388,0.1512596489251539,1.8959214272722515,0.0849419010059153,1.976267464991529,0.5984461234535859,1.4649226084990623,-187.8020458322468,0.3839387932899089,8.625460859314703,0.0300116979249708,0.0090944195520912,0.0023180308362151,0.0450708556172232,0.1774994179800115,0.0104420764874686,-137.2474580756362,21.06870543474057,14.5242591633887,0.02519961961797,0.0997886299656412,0.7450208475909044,1.4175739168777592,0.4674223894874476,2.740000066576361
0.22,-382.6048876433888,38.06527143358182,165.00442887344073,0.1603068199018504,7.337912569943541,0.5915678991750636,0.2074805146892843,1.888736114116956,3.2751703957761977,-174.82656250478252,47.06611169045322,26.812306863817824,0.0622866232196019,1.6893440575936447,0.0306381834237182,1.9948441576070264,0.5906939363636856,1.4781078369284355,-187.80179267618945,0.3620638547934964,8.623761096459647,-0.0069337571241573,-0.0013523739994171,0.0046350503718116,0.0197759550846442,0.1817483854344081,0.0278483041621387,-136.89196279266082,21.118460014666333,14.403748985858812,0.0226756916368764,0.0213581864444874,0.6393188670483364,1.4604804318427471,0.5128949500184314,2.5415633772319097
0.23,-394.2448268327213,44.27707280828067,165.25367260933953,0.4449321440584657,4.830769469747653,0.8572695459102387,0.3813081506203648,1.320886071586719,2.5255058010412026,-174.26343537160082,45.11912998305504,27.06797377242144,-0.0058318471353211,1.910094562592466,0.0450504261347405,0.4618882633426543,0.0386740150363198,1.9905581887131465,-187.8461881867323,0.3467268630603066,8.633423984853724,0.0099520656526021,0.0031491544679003,0.0159568101508911,0.0454279666066941,0.1458862280430312,0.0196470799541224,-136.50620231585967,21.17858379469108,14.27003233021442,0.0067106511960026,0.0033864067387116,0.4994748604093122,1.385691560124942,0.5747861355711738,2.9937152333735453
0.24,-405.9492119497029,50.499381276264245,165.51222762299147,0.6853257440716944,2.300599567369816,1.1706113194071668,0.5705689710397698,0.7408284449171172,1.77879111997398,-174.25593329741014,43.05182678213948,27.32722852619476,0.056948377508508,1.8891847306860652,0.0274637302824723,0.0544457755810019,-0.0131404165702323,1.2105739187229494,-187.8644703727108,0.3653946052602773,8.617063912043323,0.0302790078100608,-0.0040904320754183,0.0088864957938861,0.0468486475235247,0.1208433805570929,0.0415321550796807,-135.9972505892509,21.302092444651983,14.063739542209554,0.0483935393306816,0.0088106149730794,0.3371354889581624,0.8490373331052841,0.5007048126527558,3.357559333692252
0.25,-402.4934438794266,52.92913463491298,167.05609823620665,0.9258518336301113,1.7117613387691837,0.8565363898569872,3.970252429856073,0.6485079660243536,0.949719385587806,-174.31649924665254,41.24267813532688,27.56932604047836,0.1119059530944643,1.520840068111165,0.1340992201532719,0.1591000785120145,0.0790163958208122,0.7046439186686216,-187.86944011390463,0.3713870380929592,8.569789276572138,0.0041222823332377,0.0077591545754533,0.0227342847506457,0.0514051016259043,0.1108752670379421,0.0351979249290681,-135.62212219428488,21.42099924372522,14.004567489271066,0.0557052691535026,0.0446698833840622,0.3569925928135632,0.706921768936225,0.4241867521849489,2.239850365167467
0.26,-398.44278184234906,55.25541035830968,169.06362657179687,0.5578817380443262,2.2197069000421563,0.4950311712974565,2.621772760854444,0.8897983019231863,1.3271322949363906,-174.3620654124485,39.88292586894834,27.62812507407397,0.0571800743014683,1.2161420795007754,0.0523105504708196,0.3799090029350059,0.1814850765873639,0.4681865410875045,-187.9053906213731,0.3776363084840652,8.566570369782456,0.0240429331311423,0.0074146818323975,0.0180036719377863,0.0004767548902435,0.189152479785669,-0.0024158834383116,-135.19958757117996,21.6164582350736,13.94039832977848,0.0110182056373751,0.1328236962954659,0.5892604294513417,0.4774230281338278,0.1088505548271878,1.5152008264418213
0.27,-396.3246085391365,57.93143118745136,169.67185153168455,0.7622351566799205,3.529097657471411,0.4289104669730403,1.4459486000677877,0.5416894714631277,0.5964919198375167,-174.31917402815424,38.4454360602963,27.74286846849469,0.0494598286452982,1.3428060710919991,0.0077971902803034,1.252334498741363,0.7825282262816597,0.4433152331139016,-187.8298546838948,0.3733681272786299,8.547837445437867,0.0273350304695986,-0.0115063943066999,0.0080940537770027,-0.0019771478264411,0.1513994163922683,0.0136050967679137,-134.49337983532328,21.951887758988708,13.69825706718103,0.0791677342176246,0.2526047002658205,0.6773244076459005,0.5446700213434956,0.2442875030055029,1.0929866380553812
0.28,-393.8766912739573,60.81447196563623,170.56236943465407,0.7479273720968905,1.51670867724199,0.4749425966852578,1.174989163155015,0.1422535168378418,3.607205662202319,-174.11440379668736,36.819448503766885,27.86027981107068,0.046853106805936,1.5401875930302844,0.0483073782810038,1.6771122420224442,0.4949778642020396,0.0412174116126583,-187.80548063625483,0.3726942329189781,8.56833032903979,0.0228860271801327,-0.0007732728603799,0.0139104790336228,0.0773947109943774,0.0602305807246569,0.0144055480281643,-133.74061549348616,22.422887620746984,13.571522177447878,0.1435006343619004,0.2935337914224873,0.5769853497894092,0.7328554300071736,0.4696595180040959,0.9452735829536992
0.29,-392.5119373797526,62.30182697546231,171.19075366059764,0.4817877289092694,1.3578426630315654,0.159526595978086,2.403139464917287,0.1691750153959546,0.8041226633192154,-173.9415739307521,35.24689479828231,27.94406754536433,0.1466127627283021,1.3474285802414974,0.0882162705083093,1.222019800487074,0.3430229418544629,0.4816106963640143,-187.8239593653615,0.2979590106085101,8.498381172797355,0.0048187187872272,-0.0010002177116935,0.0481137174838756,0.1733096251845877,0.0526446820385853,0.047620462418141,-133.19865679407764,22.872420756268976,13.500126065011006,0.1633340799837139,0.2779343451859267,0.3270571513499259,0.728388979761498,0.3851886818510878,0.173747068291871
0.3,-392.495503815784,64.26461850646534,172.06605633273958,0.6551629010532565,2.106293462709996,0.6157424131613463,0.6080735073616435,0.3414902934323137,0.3974779267617213,-173.70146422287297,34.00419322371142,27.94416910837525,0.1816209814465882,1.0783625021147,0.1183781113530654,0.9523330342174042,0.7605977984072652,1.007521975180376,-187.757673067426,0.3266935411479624,8.497155133694852,0.0092407355281418,0.0058184269768151,0.0226967979253669,0.125845185007436,0.1448538567989571,0.018385370601655,-132.88375596123052,23.23632153827386,13.57010346514208,0.1490799015328459,0.2510454995911871,0.2317848249248637,0.5900758292404442,0.0058107492033496,0.7446025724612315
0.31,-392.5081592140927,65.69434644411312,174.18242086121427,0.681731276920476,1.3371908877362155,0.7091787148782803,1.0476334079533849,0.438948531733253,0.412136224220322,-173.42740877368848,32.88274891830855,27.91873959623536,0.0995485348439693,1.0038657121033232,0.0905378399569137,1.5726563510374725,1.1426925031569186,1.094589600372686,-187.73620471940947,0.2979513324232021,8.498917251417888,0.0118926878026753,0.0112781692766986,0.0244607809892428,0.0329588675491642,0.1250072537396645,0.0180475560982076,-132.7059318841902,23.55649754215164,13.70337303648196,0.1428767343447445,0.279159957813433,0.1084188568028925,0.5455482641456668,0.1020052832029138,1.132990851729659
0.32,-392.5070285703816,67.09966427435,176.31153772019942,0.7346335085470409,0.594307325376966,0.7532272484195889,1.5022659856618052,0.616862411626214,0.3714277605891818,-173.3762209460971,31.49908691251844,28.12055110626387,0.0962778775592541,1.3611983688219191,0.0147305634076978,1.5615920620321968,0.8380389481745141,0.7471067365894949,-187.76481455482624,0.3314135958743538,8.432566743996377,0.0017369116861423,0.0221752484411422,0.0186059543203586,-0.0048050489518816,0.0953101724889071,0.0242626819181513,-132.64368008302645,23.873742194819386,13.878965802006045,0.2098041522963267,0.2632625865051745,0.0672155637750068,0.5623325103812963,0.1229413380077803,0.9224210745636716
0.33,-390.60884841278505,67.68034576557783,178.92671215900432,0.5840986860232562,0.3979547222764409,0.6877123337683375,2.2498004853325115,0.2507146125032701,0.3170790988284482,-173.29298702487944,30.119664812745228,28.255893550632276,0.0526141011467213,1.1167858759171103,0.0413420156247792,1.2256838605305842,0.64061485341025,1.532950252690834,-187.7837026025215,0.3113530663805092,8.429679947450701,0.0184117581623463,0.0076494841132719,0.0134324897437115,0.0360908475683397,0.1188210104223229,0.0081632358602333,-132.55663583962863,24.11575956245164,14.137868971037747,0.2172127274519852,0.2051094177632212,-0.0025049549155903,0.6588232829209825,0.380469518991234,1.459863727195112
0.34,-388.4950365088484,68.27145907295456,178.32170963878622,0.7988570275063577,0.571467105972045,0.4182994988956486,3.1783322243617795,1.0291694550233292,0.8822740346210807,-173.24436272502453,28.748132028914576,28.412491677766496,-0.003519142647647,0.8814233073414519,0.0529575576284755,0.8664615090378993,0.4234085706122371,2.2899956684694764,-187.8108917732716,0.2999111592821558,8.413886034979656,0.030518551930082,0.0269525939974986,0.028059941962257,0.0544275614991193,0.0743984144498962,-0.0213565781264077,-132.50487872834492,24.303548840695424,14.439884249294016,0.220412032754143,0.1784588747190457,0.1754477808751971,0.3278063576913891,0.150728010005965,2.842204630343621
0.35,-386.8155943611282,68.9832121088587,176.2405975558398,0.6284731952045424,0.5389539133059834,0.427107186954262,1.9904767703460011,0.9964113476582588,1.4840714817699243,-172.94460636832946,27.8622548500357,28.309777097926485,0.3616242202596262,0.8253885759084483,0.1635515789352727,0.8660263249209856,0.9023373221105284,1.4089658024349625,-187.82404835337596,0.3175042887104798,8.445123073566208,0.0125191742569721,-0.010356642577495,0.012208619919134,0.0561332242839052,0.0755147826085308,0.022175719251345,-132.28123635755662,24.660916757613947,14.580913882959226,0.2101479637815674,0.2388735554955591,0.1796332950889859,0.28923565898055,0.3741462330703379,2.234718010671995
0.36,-384.91538801479766,69.94209899593741,172.88200098823464,0.3383966632209418,0.6010914351566943,0.7284627829859106,0.7099943192996784,0.0240695547880255,0.3971684689188686,-172.61106143847834,26.618583573024328,27.996001280643423,0.3819951310477762,1.246340388366126,0.1098476175989662,2.057835215402676,1.0772963215822473,0.1976019308376146,-187.78627993327748,0.306169346715958,8.438792707907504,0.0058364983711939,0.0079755883498512,0.0069844682577754,0.0542809186428857,0.0322891339742415,0.1302288319466655,-132.06610419155976,25.002664811409705,14.75587383810414,0.2095046758094883,0.3067763773810741,0.1867073650413065,0.2001467708646509,0.5870074025346746,1.5693729206697244
0.37,-383.87402411757535,69.62448387218801,170.99516032622938,0.2482118181720507,0.4866626796106115,0.6171657326732537,1.113123291378469,2.5903997516025865,0.0622705553053215,-172.5008764802632,25.258349321222063,27.929464146256286,0.0615155706239415,1.2265682574698118,0.0323194242297777,2.377466584846572,0.7858679581070789,2.7465331452212487,-187.8050791040706,0.3124563592608367,8.450830001665881,0.0081102920953634,0.0060661990961011,0.0114436365798742,0.0131554867180274,0.0437742481089425,0.0660612527991402,-132.05889357097706,25.30532020118916,15.046790882552704,0.2599372454227626,0.2556859941767843,0.0642770362878191,0.1756766658659494,0.2298610493117888,1.678840976455809
0.38,-383.580338327236,69.10652156033389,170.68878027524485,0.0419442488261777,0.3158347402287717,0.0426249436289422,1.916442471491808,2.582218779448954,0.0732900658079378,-172.3029363360043,24.41740216233805,28.07195967378501,0.1340669237632182,0.5528209016223664,0.1673720841200312,1.2570779593219934,0.2162250617655739,1.7670851765570177,-187.75051764079532,0.3075272505976274,8.399603676485295,0.0098302483575126,0.017820345734008,0.0073010779233019,0.0722384672833121,0.0432253921393535,0.0727803052975399,-131.99929576398927,25.54809779188343,15.388680329981286,0.1312715787669641,0.0944636132677427,0.1972002406879056,-0.0119096017492149,0.8679679005436673,1.7933348300804834
0.39,-383.29316417048926,69.30131782613239,170.30972019617408,0.1987205490829479,0.428522836701766,0.0618421935058027,1.5849289585865045,1.9189437264564744,0.3382037023600474,-172.00611920060058,24.13335535530937,27.737281136884,0.4472143998363355,0.2931487419850072,0.1793259968021651,0.2598272696474263,0.7072289051810419,1.588714971742544,-187.7558244623196,0.2595301943574532,8.374192090215528,0.0064886155882894,0.0131598143443581,0.0173367800886675,0.0719635187221528,0.029278302012432,0.0927185192278086,-131.81544659588764,25.76904842980646,15.367551370905703,0.0743111878369519,0.0702085424535251,0.4215845215788427,0.2106605894692003,1.039398492463728,3.357617923088722
0.4,-382.9994172631864,69.75418594742327,170.18189367360492,0.3463122252209977,0.3050225043406788,0.2130199021772392,0.692076780333277,2.7217877253189644,0.0373508410198978,-171.8547724319506,23.94337167155429,27.562995062799047,0.1255381923830265,0.5538266052331092,0.1130665687633623,0.8793289623081423,1.5720768757075585,3.020004277502777,-187.7459694089819,0.256063676041275,8.370584741436408,0.0117148469593338,0.0289332990337419,0.024269431187142,0.0204822439339089,0.015168751777422,0.0948190162434767,-131.31075898526794,25.94647731064469,15.24312087987696,0.062737572973917,0.0781229036693839,0.4388409419397527,0.4463316660806496,0.1014591046210553,4.016841646541561
0.41,-382.848817818756,69.93025723738643,170.44652758402415,0.2131353764472243,0.2279115991602376,0.2056016831898936,1.4572866241082707,2.551099927762918,0.3541442345763985,-171.93312338279,22.84589829117408,27.695356431565845,0.1546283812073144,0.6423507588975845,0.1478211401139661,1.061001933774394,0.999539578407726,2.5093155731483945,-187.6944112903791,0.2007776484566577,8.301000275203085,0.0188351058300768,0.0397285411860009,0.0533489710741464,0.166654480674583,0.0674185240620915,0.0730678314325889,-130.63745968669193,26.30877300078029,14.93467334286328,0.0120819534115781,0.2000274975905891,0.6803215754216729,0.3330337378268168,0.8120481470000174,2.761269213210105
0.42,-382.803859603489,70.02462401915423,170.5804428394033,0.1725075467158486,0.2222432832381999,0.1749291706177855,1.824983097307347,2.451042038611048,0.5064344995014891,-171.98907896144766,22.312713128540853,27.752621458934712,0.1812842736001376,0.718665627121595,0.1448010574741896,1.154059294512473,0.704665225057689,2.255171229831262,-187.67104438568492,0.1725839557153372,8.31915083354201,0.0192951782539045,0.0236387084973732,0.0377239048152175,0.219805235732844,0.0447604229154249,0.0608629355855683,-130.22590605805632,26.535185473271543,14.81061561417311,0.0882770729849787,0.1700656369510196,0.5774717767462897,0.2142984861854267,0.6527258630393366,2.7199184868715327
0.43,-382.7404041971353,70.11718106754198,170.6820760933951,0.0872333493275594,0.1832068631130054,0.1656967105191494,2.1885599346346933,2.333614359041237,0.6789166055635825,-172.01701361698937,21.748149783693552,27.830540034353216,0.1840519651925636,0.7720724917479973,0.1419873283696982,1.2484810505736703,0.4117216255904128,1.9598941326092936,-187.61226192214093,0.1308503537431889,8.314684387980396,-0.002422426978786,0.0343529482601932,0.0442521564118702,0.277116827623122,0.0519296338692035,0.0545274839884773,-129.877018418587,26.73402393140302,14.68127023856384,0.1427343523368374,0.1363394794352166,0.4579993861849972,0.0996804308685923,0.5265999892755471,2.694852200784378
0.44,-382.5045585269392,70.70393568944267,170.2586206292107,0.2465764578716275,0.6748580037330459,0.0392224930919865,2.407067855039991,1.8965889205551056,0.5920291208755503,-172.13145292909488,21.06002527791797,28.010486577889772,0.0451472734908208,0.3398638439294568,0.070666783763533,0.3440122410711096,0.1846223466021467,1.1029199258799447,-187.57051227496723,0.0874691662067349,8.302682068019772,0.0300622011938004,0.1108346744202537,0.0626128760593979,0.354722922794929,0.161819410476927,0.0925875146361456,-129.43604319186423,27.049064085535758,14.706119099882024,0.2471081962144919,0.1011886763300065,0.5459193611739908,0.4765808801497789,0.3878809625730436,2.9744877537087238
0.45,-382.02428018169513,71.07369729764817,169.57375604117252,0.2705437432991037,0.3806968205804932,0.0454033976899792,2.489051448838729,1.0446259497057906,1.1217082764137274,-171.96177828601557,20.560569656954,27.95302393472629,0.0744947079164548,0.6770545708705679,0.0896248073132161,1.7071447709768452,0.6345501162449029,1.4777640151758118,-187.50394080468,0.0483814610582013,8.316146327168852,0.0062479009100658,0.1441373273360136,0.0905445484661314,0.4300038627227516,0.2589361430415831,0.1199813829401727,-128.7291127577177,27.323975920902864,14.62836326763437,0.0258808910431913,0.0252166875438059,0.6114778514228014,0.2067017414508262,0.7105005109701938,3.3620140569141834
0.46,-381.56022358172936,71.44481111039859,168.86962284297525,0.2635955419666776,0.1120706512339197,0.0433857442897434,2.542308564721863,0.2030707909955336,1.6848931477181277,-171.8149946926016,20.047668668345302,27.882524852671096,0.0684651901604602,0.995647833004578,0.110661846917798,3.057308815576804,1.0854699735774929,1.867291819711307,-187.3677630021032,0.2506548522133824,8.32482829235913,0.0165275546523198,0.1779998675144835,0.1378913337284561,0.2825888861751218,0.3351854740242003,0.1183474657636037,-128.00623814547953,27.547632408688088,14.350011437313766,0.1283433063911186,0.0502276263397244,0.6931916024975205,0.4230501245679243,0.8070954174397579,3.3268353532159494
0.47,-381.1777453742995,71.56341314779573,168.9438569597259,0.2460103289982712,0.464095366563903,0.0151848953330069,3.5128394640857064,0.6234776541654723,1.0883723094712805,-171.93522100256206,19.13336707648308,27.80574645895684,0.0477433584823841,0.4280990786847114,0.1774819100144964,0.8301702762942136,0.8042508417668576,2.73406695554841,-187.16985378392664,0.4981019069139709,8.239566273138266,0.0573432645448104,0.1936940754644578,0.2730548197992921,0.2690146624449741,0.211656223406637,0.1673352731701613,-127.2540731914785,27.796638799909605,14.058555046950632,0.218632040917075,0.0794111924500169,0.7573584952301942,0.6034902954448755,0.8832032377735883,3.252150188416133
0.48,-380.97418460417697,72.0643436666366,168.4287110318682,0.1118436405493399,0.6478822696387354,0.0013381655428764,1.2644106522339815,0.840708861126772,0.4025331070945477,-172.14879338304505,18.74020292262009,27.874986994375863,-0.0021275049973953,0.1883455479047112,0.0511864279314226,1.6212535924538407,0.0617317878916685,2.568461184462214,-186.8775601061504,0.7386974164637816,8.17148458196632,0.0618994394936871,0.1780358510470702,0.2550042247186231,0.3648378082133552,0.2455169210783167,0.1541997089850504,-126.55761440512202,28.058026749236795,14.131051988075432,0.3738867147872787,0.1421026259346215,0.3062499543335611,0.4393303962888026,0.5514236936540341,3.030380739958329
0.49,-380.8743927518755,72.71641094030237,167.74488501226568,0.074347552622807,0.5814024460783754,0.0738178507552241,0.2278717570891435,0.3338821162207677,0.8590200706600325,-172.1195307587281,18.371746027475865,27.746819564702985,0.1436663541126155,0.7575444653052734,0.0132235302599969,0.0472409236256056,0.5207432978156952,1.4147351664985663,-186.61465550017124,1.0807891272162544,8.210065138026652,0.0388710539731724,0.2279402326272763,0.2375597745985455,0.4382610307603393,0.3109160556945576,0.1742814159182406,-126.4911255346372,28.319878407955912,14.384423038808906,0.3847716768124815,0.1826760791210849,0.2535998089543286,0.1596171696539105,0.5979180348083047,2.856074409780501
0.5,-380.7532745792197,72.92201817239552,167.4950308848453,0.0234395016112097,0.0347723952233764,0.001944982064757,1.12149599058387,0.77924259389541,1.5343175817591663,-172.0688721986645,17.509401947172893,27.695838511165874,0.0080752773017491,0.9415542252648296,0.0564860080834312,2.9735839433027853,0.2601709512682961,1.167580592248769,-186.37863087068072,1.4258053688552776,8.188651584133682,0.0062054652857852,0.2903030546766686,0.2233586403386471,0.4465284137185137,0.3797120398495999,0.142452422473963,-126.24348982717416,28.44354679389793,14.783357831218185,0.3930454646014342,0.0739073674573384,0.0624341310805676,0.1136576568103707,0.0649899163999715,3.299212190557334
0.51,-380.6836390637705,72.86244751158347,167.42743134410432,0.0020194535216992,0.025950559522154,0.0500497947410075,2.737515827150945,0.6345437197569608,1.310736671921511,-172.0664428518538,16.583174678181017,27.62801845541088,0.0436218064855604,0.1894707305999649,0.0224064034451517,1.3814042490868592,0.0315256126445681,2.256194223222358,-186.19006540822437,1.8612879925872208,8.230749158906637,-0.0015422680078207,0.3126388985325598,0.218741961814208,0.3323939605389052,0.897069296909594,0.0392427217612706,-126.1929915240972,28.518030105976507,15.289048581492588,0.4487746664319855,0.0761698765151096,0.0982825501079001,0.000909112016125,0.3098064073271412,2.7942715324620653
0.52,-380.5997634117693,73.19320888651337,167.06864852830972,0.0182718662606835,0.339421646066921,0.0529589157608539,1.638442157673957,0.4156387958601651,0.0040687958926691,-172.1478010507672,16.50561675491596,27.67532966889636,0.1452758936251938,0.0932154771479282,0.0111204790697965,2.034082087099164,0.1380353055191178,3.394793061896745,-185.87270928130863,2.2745919007087663,8.245991291312432,0.0098159589140889,0.3052669041671552,0.2844958034100148,0.1809282895479754,0.9950598828072325,0.0559919858112666,-126.4355716545497,28.55141749708744,16.123219527890335,0.6921837783750262,0.1254043254558154,0.3208013326986232,0.1570776868424739,0.1178896992916322,2.3915510164902227
0.53,-380.6928545713629,73.63591562093775,166.25484784845037,0.105076884284278,0.2933118836216521,0.0806334059108695,0.8534139563363441,0.2927245916946928,0.4045294715163843,-172.06985438227943,16.108548517180683,27.71687466244087,0.1003883343389383,0.5109938747291017,0.0221875945146008,2.667114729739862,0.3491609575179686,1.9017914626476824,-185.5531559250784,2.7035313426005394,8.251829674933646,0.0257780346291871,0.3113096215573789,0.359693882132386,0.0589848053111214,1.0653688860029626,0.0676794202737276,-126.61036082331538,28.56156919439482,17.310506630253673,0.8841927863991348,0.1087613639114422,0.4491620891725986,0.3347029412923987,0.7496275866508956,2.962947639512364
0.54,-380.7334207520231,74.05372644197676,165.4337244025945,0.1670234632601503,0.2311263667258658,0.1031367506411414,0.0624119360023395,0.2095101875909731,0.8223964715255097,-172.00164895929325,15.68581782990137,27.74211520269385,0.0988486363151321,0.925709522929964,0.0136878845498137,3.3159525372936987,0.543135720073675,0.3856159326645341,-185.0574484893592,3.0560464546313737,8.25404328797076,0.0276740428706346,0.2885695651438912,0.4625632559790747,0.0823060616823638,1.0803000025428655,0.0703842390688093,-127.19378029419052,28.485385748124727,18.504631039365357,0.829625427598766,0.0938470006547032,0.4528190785199823,0.4385952450742948,0.6931605843701588,3.09338871255406
0.55,-380.94551993930816,73.9962354667066,165.50275293204095,0.2112501144111034,0.0870872828896768,0.0097899628378556,1.5655271910234474,0.3952695164114798,1.0767508066645488,-172.08176678705416,14.677908864199429,27.74330541773373,0.1325048802861892,0.1719692814896144,0.0830379920347798,2.0649463820449725,0.2497442312028503,0.739899358669304,-184.4908347288567,3.4314549799711958,8.389705410183863,0.0329513519927137,0.2956635003711561,0.5637993200337973,0.0979010285179062,0.866582491059286,0.0293475538246563,-127.29590466688556,28.57287097269772,19.373314127724797,0.5838304648086469,0.1204495288800971,0.1608434888017415,0.4537204852565362,0.745690175759588,1.556898260029836
0.56,-381.17754578536346,74.2331774957937,165.26633179802656,0.193054781844055,0.1967758854287631,0.0937589217020164,0.861981278883749,0.4943792628106382,0.6850251650669753,-172.1977194722488,15.127204106595173,27.927576319280565,0.2501632454238275,0.6565704725861985,0.0454203952568168,2.0136039295188413,0.0725403565189195,3.335889748314971,-183.87904583529695,3.813267130058239,8.565921474893406,0.0266600971521712,0.271629625282184,0.5903546279143369,0.1279521004563979,0.8114319925346287,0.0284988943205455,-127.41452078171984,28.530876686107373,19.917682909873538,0.5018348856155013,0.1403712943980305,0.2378933510029612,0.5961895072889234,0.8210031355379737,1.513912960946255
0.57,-381.4262176402255,74.43664878992946,165.06043498866163,0.1721669615558004,0.2821241156161542,0.1639100111165617,0.1599940422533673,0.5877904902532125,0.279627646856491,-172.3115380929668,15.963598143326088,28.22853685180535,0.1072667520436804,0.1725910390865483,0.0249492547966918,2.0132806725112213,0.005113106725204,1.5741824342393012,-183.3162088970805,4.184447080635687,8.734025779597138,0.0180747715665193,0.2752494930120165,0.5859229592850057,0.0221449535894075,0.6092128836514957,0.1070851934194852,-127.50769017395022,28.48333224369309,20.44560100705914,0.4068038168603535,0.1479363310843941,0.3428490495419454,0.6987161661983664,0.8834383551414188,1.4693268747367767
0.58,-381.6674761696992,74.62194548032147,164.68699266163046,0.0768145887057515,0.059153599258907,0.1844011429908519,0.25111455618226,0.5887615255344785,0.5482718962743931,-172.3025409350405,15.82606394793702,28.244908488098016,0.0131775120347387,0.3164455449323111,0.0068277638139203,2.21356481744942,0.4040166109107108,0.7441150407403143,-183.31677326113223,10.51153385008636,8.746345673148829,0.0964671214121692,0.1330753736922953,0.3244795744604299,0.0293809610553484,0.4688570317697513,0.1886937106648468,-127.700267083756,28.13069869600477,20.983130037835974,0.4217420754551652,0.2689737759004154,0.3136986029123931,0.0357579978282014,0.7282839458098391,2.122282771622781
0.59,-381.6732298423516,74.43795704082791,164.3032169373368,0.2319918856513411,0.1954692694007106,0.1495357532798525,0.6898465541338407,0.6419984788266098,1.0964553358896136,-172.3091749468057,15.31948807046962,28.20044083936231,0.0520590867236936,0.4098645922050309,0.0701190153699278,2.5519668989104622,0.0754233665336646,0.7823864869260044,-183.3100780160579,16.82269274954856,8.755702002375163,0.163374464790968,0.003545044838631,0.064915956191946,0.0114615979205688,0.3772145682882469,0.2762714690057831,-127.9188751792929,27.87998605931604,21.30765400770117,0.189334913681096,0.1456907944832141,0.0734504677463689,0.0233820435931501,0.5182322309437191,1.564197308866206
0.6,-382.0531556113594,74.31815658201134,164.68292741133217,0.1219009992290036,0.0100343681273963,0.0410388473240096,1.194963388420399,1.2106623967651429,0.7262896423212544,-172.42979406717893,15.56306433482065,28.244585189160237,0.2198198754023056,0.775382738076931,0.0957737636823681,0.8418342887888057,0.0141869480282588,1.553667982827667,-183.2529493332813,16.81089623875647,8.861427744615776,0.1103463111918925,0.0465010973395612,0.057853698551881,0.081717751945589,0.0386270683762959,0.2776155084071057,-127.49589399095424,27.93776047523419,21.30573395055494,0.1923515433538518,0.0740304454268275,0.3580284220073007,0.3685497493849715,0.1976248532012761,0.0587596944851965
0.61,-382.18396190129056,74.45314039451857,164.54465859057888,0.1168399189326074,0.1449298681220016,0.0546181427201839,0.3689125827118827,0.7333950817613031,0.2212617087036692,-172.59930269067954,16.442793218287182,28.421114727010785,0.2175365203512453,0.7614532838025371,0.0971722338946732,1.8907600026018443,0.5654363972204052,1.6235725012775564,-183.1794278839228,16.865694251720267,8.946575268156316,0.0179822147105651,0.0879573786356956,0.0598078349017765,0.7351019388908787,0.5709370663233685,0.8647504143480343,-127.25150760969233,27.79915567570642,21.39137013223455,0.2046146309459319,0.2012284799488193,0.1426036551167921,0.2981065806509907,0.8288949380607488,0.1130478048245605
0.62,-382.1740517038316,74.49098938835647,164.06447260742124,0.0151959512063371,0.0584206619269027,0.1200419192321502,0.4131868153262001,0.4168507150339152,0.1312432502063367,-172.73850240206673,16.741079987801808,28.488697113708977,0.0837902058271103,0.0855011886636791,0.0677346706267429,0.2677658659437324,1.4370788276747228,0.9196170831122016,-183.2270577586401,16.94272885317053,8.870782716425454,0.1953724015873281,0.0243398079028042,0.0482289956823836,0.4965556742155776,0.883228681280999,1.3023052318625137,-127.1325838301541,27.614455392879204,21.55423361878763,0.2823143009528051,0.2510930385856555,0.162223288715121,0.5964465987891994,1.3559890421040772,0.8236677616185188
0.63,-382.0967320600303,74.43444725444459,163.7328126699154,0.0198767546275276,0.0642186703133059,0.1606017838652244,0.6070298957065421,0.43629671348399,0.1282339521428328,-172.79397006484277,16.64703511766861,28.487071880415677,0.0757334683327576,0.1504347328973029,0.0659843517146413,0.6092345599919353,1.2969035565266414,0.5213728314149636,-183.24389088453736,16.94492288214761,8.738948819913773,0.2557016446311215,0.0258000288217835,0.08031903971845,0.3094372995109731,0.6509742649849366,1.022967574558831,-127.0305122962323,27.58452148917313,21.57460487780162,0.1661083538540217,0.1919187285652984,0.3090596652222995,0.8479824162218306,1.210184280025417,0.96319209651447
0.64,-382.0203007903538,74.40441698030588,163.410002854341,0.0370975501530701,0.0803937166488975,0.1475092592586388,0.792093591322385,0.4718731219447284,0.1197794361328882,-172.81408035841844,16.50514567025549,28.4656542120988,0.0311030669865449,0.2005353291086429,0.0818805406500752,0.9075330284429868,1.1504756910332057,0.0784921709617202,-183.2476492446781,16.923820630620426,8.617641091007068,0.303071329189606,0.0602180974260696,0.1377430716753934,0.1334455701861892,0.4009665716884486,0.7507205589439746,-126.95086639024188,27.566219774521063,21.56457841495047,0.0375199514514872,0.0994575949699707,0.4579421444949318,1.0793256508904154,1.035633328881697,1.0917247433923516
0.65,-381.88380568139536,74.29872954277269,162.7531863893716,0.040551706508053,0.0845465902118919,0.1666613840510915,1.1465494307560462,0.4885204066283104,0.0735531462524311,-172.86975073968182,16.489207509178122,28.502453335236183,0.1318958832831134,0.0801463153197991,0.0824454984507194,1.1615594294344656,0.2035530260456841,0.2492864915756667,-183.44059262358385,16.866936316679137,8.11430523217263,0.458471710775385,0.0689720723497667,0.3469774048229137,0.7564650802664203,0.1817521298779732,0.5398873746035399,-126.38698585061373,27.750315724791697,21.29621364693188,0.0402551860243914,0.0267110036448354,0.2857201120682281,0.6740138080872368,0.1732138493402149,0.1348747083805508
0.66,-381.9431586159925,74.49135485685672,162.56511998077906,0.0639466350895079,0.2111548776366647,0.0663379233171297,0.9648460733277446,0.7353421374351579,0.0351515845723972,-172.9781169506803,16.865848688746397,28.679935262241997,0.1395075065383726,0.4218911740553106,0.0416929896173326,0.4363771917622368,0.1245941091964502,1.0117967191222617,-183.76444904618944,17.01428624259383,8.229038631664103,0.5614401046329941,0.1525142480007525,0.4764692317533641,0.97624344200501,0.1476445287287504,1.136114250664348,-126.2477748612636,27.74800702298435,21.31096194131872,0.1711958403255602,0.1656171914303162,0.3372606651854716,0.1266332851874905,0.0195153781320428,0.5295174386826236
0.67,-381.9342698121868,74.80614104352634,162.31177303972376,0.044379750345946,0.2352229470864117,0.016413686472632,0.6587837510371432,1.201289404956129,0.6793935368316758,-172.9875486655436,17.36903706415908,28.737752175508945,0.0880065056453653,0.4459674934741699,0.0627777194991523,1.4043505660156754,0.6051660707593611,2.1350595314135283,-184.11406648579612,17.365298145989122,8.30478697466147,0.6157473801237479,0.34200752627717,0.4927213476065605,0.8387098070964341,1.105159255399296,0.5146152561800024,-126.68272525685047,27.097164871119904,21.83193487217688,0.2369746370749703,0.3437616770402367,0.1969253077197159,0.2791788834669023,1.2440600552674872,0.7290736184541681
0.68,-381.80388863347207,75.06095931178626,161.24933606039227,0.0546699627436633,0.4664347921691858,0.0573370032024827,1.201664779904043,-0.0134491943718448,0.8681463398211894,-172.99240161308373,17.686727675013948,28.802303327321216,0.0121280928163063,0.1303462973935459,0.0228837128816032,0.3456506040791694,1.8581964075115405,1.3178735556835472,-184.37430351957536,17.74636672487141,9.05458062696848,0.6095121938180761,0.286249327866601,0.0115192245799347,0.4967402588474079,2.063745003937208,0.7496790985747925,-127.11296699323007,26.43212179608064,22.36616121226633,0.3020729411505087,0.537380992666517,0.0239797347225225,0.434063524394266,2.415108735925961,0.9197944451938312
0.69,-381.9351141250975,75.56894579927226,160.69282816608478,0.1117043795662972,0.3717037487067882,0.0612186232365661,1.8805406513772944,0.6007482431389152,0.3222835632041251,-172.98591541615824,17.30367923874908,28.69448734352316,0.0895567654741439,0.4156097425341341,0.0468041719051457,2.526783683854033,2.5678054612910333,0.0107365023636878,-183.86509446817743,18.00928559716053,9.701466484084388,0.5745625369302452,0.1928481701120047,0.3281233865743963,1.6336077064744012,0.4659787780145359,0.8893014450989101,-126.61806127103942,26.052418379915704,22.442540610516645,0.1646016791764533,0.5454496618132373,0.7944784688875459,0.7045643762294419,1.4541491758457448,0.1278724408109466
0.7,-382.2577140034719,75.93278000848576,160.7978908872593,0.058775124783417,0.2519732405873681,0.2240851045853272,2.332437036337909,0.4087447810769928,1.810460414951284,-173.06696399984224,17.138354379522763,28.734157521748813,0.1065008148234036,0.0042435608696178,0.0635411591757316,1.7351444951526496,0.1198631787061224,1.5213639175068625,-182.95508811420964,18.001070440625455,9.88071705990494,0.3778328887241345,0.1208862041237147,0.8367972761518,0.3823396618462051,2.057338750504813,1.4650885919458847,-125.8786905410193,25.757211710053443,21.97956241997409,0.1747252209016524,0.463322945475783,0.5819560239361272,0.5878924773007468,0.8896592346875623,1.1007286822378692
0.71,-382.4412050993869,76.10942715022207,160.88643856105466,-0.0033886427546312,0.0521181472854588,0.0641695212953835,2.586033533282864,0.1983669633294124,1.6062447114606888,-173.14183147495038,17.314128371572234,28.81593784027001,0.0238617945915136,0.217865655596958,0.0332933695689737,0.1127646728424621,1.894013560541672,1.0460224583228377,-182.05367664738043,17.936777364599976,10.064447412506372,0.3432599942745224,0.0484557949658868,0.641038883649462,0.6106773986711586,2.107024405485493,2.38127854052402,-125.11784229151716,25.434797917193563,21.54585610308745,0.2115899749313197,0.3638056042693454,0.3640850392630871,0.4551877236947418,0.3324512073047171,2.057272639070782
0.72,-382.5630599128812,76.12127819972854,160.94390715014364,0.1268390187664324,0.04992607645125,0.0272502580420746,1.9889213093656744,0.3672893356424708,1.365641018649093,-172.93595524357454,17.497572584058865,28.74746744109666,0.1173251139283753,0.1072408004306214,0.1462736010617606,0.4480655521474332,1.882741616502633,1.368260228891999,-181.7506262302636,17.93626175014333,10.25940958733888,0.2553989011358471,0.0095668570066712,0.1410321523101033,1.4689104831661643,2.866716047659544,1.3989686695543038,-124.63021489969285,25.25222793986786,21.000559934527956,0.2340084557346547,0.3224569136872275,0.6864029821868862,0.3944749043732622,0.928794797132766,3.0265414571041456
0.73,-382.7506197657434,75.99327796721713,161.36495065471016,0.1443953280437568,0.2510424478062106,0.0533876975942938,1.324280256324326,0.447603625815153,0.9655744884607014,-172.8118504218343,17.505454274182497,28.674253971376597,0.0688964102873239,0.1018270811579866,0.0662945737800618,0.8532505635468569,0.1299313264014209,2.0261356169397047,-181.93353093972647,18.063981477809197,10.431073045282266,0.0375420665678928,0.1885684294676487,0.3152219865746093,0.4533328713951842,0.8822044315797009,0.6803290892724909,-124.05780831745986,25.167732770940685,20.448831056303288,0.1480074624111323,0.3182533191810048,0.6903787475605195,0.9623616571802848,1.1516789179737703,0.9153481710041048
0.74,-382.8855967049803,75.42823839862011,162.1959955361964,0.209352479758019,0.4607594376025923,0.0325464794569653,2.524609105057222,0.3085033733684295,0.4739828739197703,-172.83077512581235,17.445190536077437,28.79567851185938,0.0635469490119195,0.0819038246034845,0.0487219848272319,0.9355790191897844,0.4007127178942073,2.734617316669196,-182.11866768260876,18.25315441984756,10.430375834376909,0.1393058827960668,0.0896879328649674,0.1766582459009368,0.785599622892094,0.0957356508428072,1.9156805034332325,-123.67665856252756,24.943623461881185,20.26069987136503,0.1567672356716975,0.4715838644258587,0.0142155672463888,0.8011858362012209,1.5309030553233005,2.185108574091827
0.75,-382.9906364022616,74.9940521605844,162.69921928689772,0.2422818786514974,0.3692413180303724,0.0516649898922559,2.7027073501212424,0.7272966401228179,0.1405376506524493,-172.85428778093234,17.363484274627837,28.866355882034945,0.0717825853623852,0.0680995529654916,0.0193979668013163,1.020328694098605,0.6864697446332435,3.4486282443119056,-181.9473473441836,18.251173737891826,10.06453700452422,0.2630303844219535,-0.0189731434510383,0.2438098571138716,0.6092057731391743,0.6699418210125496,2.717101877809115,-123.56458385034932,24.442121388842484,20.294348449313866,0.128195169472892,0.406032086886942,0.088423968230958,0.2743947842328135,0.6538507400870235,2.678859676947258
0.76,-383.3668735130058,74.76362852909077,163.3023054302241,0.3154687192605274,0.1445731662294794,0.096049548497401,2.429582355687331,0.4887090310703497,1.0039674976552346,-172.87441943128476,17.309518144881928,28.91637613073473,0.0554455429247145,0.0363393160930815,0.0435865960626105,0.6470477464040758,0.7433966681919744,2.5014259021788283,-181.6984239804778,18.252594288160484,9.75842523859867,0.1974170429688148,0.077100753732864,0.2496100979600428,0.3110279542030136,1.091477857294238,3.08879189784688,-123.61179301044288,24.193254881953244,20.37306987167453,0.0775296391966295,0.2915644013430302,0.1429416878502755,0.2570366003174714,0.95320757245508,3.569506422475549
0.77,-383.838435505264,74.36998781712572,164.289690469016,0.2600044602674802,0.4045395989900134,0.0758975333800063,2.3732633370163816,0.2476273497763615,0.9995305211252358,-172.85180465277742,17.32039967523661,28.914773705825137,0.0490807200324305,0.0388379301034582,0.0453675376116388,1.021112203693486,0.4122850237169043,2.776164699296225,-181.6927778241604,18.131355816776537,9.491811337398149,0.2214867892548824,0.0761643361790233,0.0131636590305694,1.1524117164891483,1.3267647244796388,3.420917191668909,-123.1949013500664,24.106272576295588,20.191936963437264,0.0485354742255806,0.1329173061343838,0.3638643514725423,1.2280090710650158,0.2426020405575869,4.058759514059164
0.78,-384.3013706532454,73.98224886378173,165.25269076053942,0.2266718967805642,0.6736599616495157,0.0731630835102727,2.304333938101064,0.0256669289285929,1.031606990894232,-172.81362809101103,17.3168574556231,28.86604702136486,0.0704398062214977,0.0504351618341465,0.0442217320563664,1.3724702720127993,0.0786252913126284,3.0685108454135297,-181.94552180366296,18.110399907542316,9.303124725525096,0.205293355743351,0.0225677506415101,0.222818729057367,0.9531609544282148,0.2327921005851194,3.2902382474361977,-123.21811716188031,24.023131833346845,20.567667511096893,0.2820248886623258,0.0883752566742157,0.3723349567755425,1.4585802854892738,0.5384342962638214,3.6598056176904015
0.79,-384.5130163446708,73.1846983606911,166.0594097358159,0.2089969470644592,0.8479320025641985,0.0155449028896463,1.9556236110483052,0.3518901367285483,0.3128215735671956,-172.86241852428043,17.262426133149948,28.940559994943943,0.0359364597473775,0.0566689346118153,0.0225681862969493,0.9095778573442168,0.5013809574161733,2.7213364856713835,-182.14275897427115,18.24832665304061,9.171803518933528,0.1880308780814769,0.0809528069880067,0.1475096111721187,0.7479710542843993,0.1260222310002737,3.527495481173475,-123.26805165176734,23.93918813207817,20.936201545416207,0.4845947353045717,0.0610281191621232,0.3493186315627678,1.6971397837099285,0.8718854316827115,3.2310149911061363
0.8,-384.8245830108393,72.31802994854257,167.44285856927664,0.1725272084984171,0.7606707927842278,0.2131946807496746,2.1026632473630644,0.4434839832773657,0.4503849563344638,-172.87437311495077,17.369152333915583,28.87156680396761,0.0826029810040041,0.1064697341103107,0.0636171567091404,0.8881569167975926,0.3695659843275585,2.096487451532338,-182.36967464471704,18.37177795040468,9.085044203922354,0.1625875152820296,0.1014932436326525,0.0897524140699936,0.5141888484711954,0.0625763780603926,3.7657624213328367,-123.42985041507676,23.82200548324926,21.48890204747024,0.4026551858695838,0.0350521922180541,0.203736959913566,1.2653897172350372,2.0148433603777542,3.2093402905826625
0.81,-385.368784128302,71.46905379602977,169.05651048042822,0.3158003961812822,0.7594105665489844,0.2935319076209903,2.033183561381001,0.0156946959113467,0.1838400619024316,-172.76662713905534,17.514423378696126,28.81481477417663,-0.003358626223702,0.0163609329272184,0.0650060624659645,1.4530869557967117,0.7563081971762209,1.3486275584028835,-182.49475626386672,18.436924495291557,8.875018637767067,0.1565202164064859,0.1050632197532848,0.0955752208719195,0.5447086086246222,0.4452796840495411,3.181580886743001,-123.28600995248966,23.96477335425892,21.80401840562105,0.3331933259342959,0.0715390503742144,0.114339655639502,0.8177304321535349,1.4115760424756227,3.2938540304055715
0.82,-385.8675150212356,70.56419838909079,170.55958681650984,0.1917523282547995,0.9646716822455792,0.3088511931321379,1.0924192267048485,0.2539416892172398,0.1992013386036748,-172.69584166309753,17.548873627665355,28.862840396742065,0.0353193575035565,0.0706073225533708,0.0511781838640346,1.327891556863344,0.5834308436684341,0.6774485466774522,-182.6197101300584,18.57952800222976,8.685405696314293,0.2225952022589197,0.1017644723308667,0.0028507709717052,0.3609487129204209,0.5353546165521413,2.9554639972120307,-123.13467120563084,24.134813955019023,22.12247743489919,0.2989490145711838,0.1035678213869227,0.0474334260659332,0.34907245855747,0.8373983197842492,3.3678765086256344
0.83,-386.4977230283888,69.37821727497825,172.3694489348149,0.1918451136928918,1.0878932686587672,0.468922840232392,0.5709606980531394,0.1264630624487429,-0.0021668252211031,-172.81244991847794,17.670979461772525,29.00721560734084,0.1677639520737148,0.2673795827918264,0.0661019292144767,0.4968756017568139,0.0386140348959794,1.2342594124138984,-182.67480912500872,18.629089538547788,8.449755568626287,0.2076913714884171,0.0314389057483109,0.0417095653174785,0.3876199175430776,1.136473047289181,2.960836381297454,-123.05334111097451,24.258668832503037,22.507682435477967,0.4020537262737443,0.1054284195606024,0.0854287952153806,0.2374902316717966,0.4941393083299211,2.6776290893959134
0.84,-386.7461729612824,68.99212313734141,173.09089887672667,0.1321781855400797,0.8211158031829932,0.4593854643617506,0.4282784766840394,0.4299217830406018,0.145835022617741,-172.8561602052052,17.834075989200386,29.05673420782405,0.0769922363853093,0.304548025206371,0.0353377619406761,0.5973934959621567,0.1159812219287021,1.3126090494559337,-182.74038656263704,18.62233071716629,8.318588476071016,0.2145951537239905,0.0247717598270203,0.0528701776316119,0.4777284277305232,1.2609758129455784,2.757886620553834,-123.10178683161064,24.2882694347392,22.77166362479544,0.3496320645825514,0.0926356631460426,0.1120852521357788,0.1988004843283032,0.4157499451955184,2.685847364620424
0.85,-386.9932431959044,68.61595746332925,173.82375540182085,0.0966002421300927,0.5322501160401498,0.4721533274780642,0.2481880311607911,0.7778666654293325,0.279440324586073,-172.85573640528867,17.998215194082253,29.119648054211467,0.0281446167513245,0.3463411397480462,-0.0164034823052615,0.733624673485161,0.1871545058907443,1.4374867292910076,-182.79626886976985,18.628235647480818,8.216889299537234,0.2525094045681202,0.0341580413783399,0.0669027695069536,0.5561648747672988,1.3964827914812288,2.567212362366401,-123.14120296908357,24.314975288206423,23.022166036849548,0.296888221573917,0.070762464104611,0.1195638438892479,0.1523442680413215,0.3000546652163814,2.7433869502380444
0.86,-387.58022750057785,68.07689678191142,175.02986231306937,0.1240551592951873,0.6245213165278971,0.4575539655118036,0.3421941887132863,0.6771011701992244,0.2341849840058857,-172.89281664408864,18.308699065439843,29.050741222659354,0.0237943430383297,0.3473758897472301,0.0186557295926572,1.00329145849566,0.1176430115161842,0.9943854510654416,-182.9533955109782,18.674731358440837,7.868432911474334,0.3629711055950047,0.0639417194525124,0.1101707371716046,0.4739295753581084,1.3402973485664342,2.2469336193010743,-123.15519535181151,24.37485365774152,23.377940453330428,0.3189245671703222,0.0409681482816958,0.01089183478556,0.3024736370519303,0.3738481452586865,2.948918479669377
0.87,-388.160287896604,67.56905783294451,176.25293092550118,0.1514174341567231,0.7327627842231271,0.4202067787033176,0.4233481244147914,0.57520432748535,0.2032766712377801,-172.94820581841876,18.625224999719947,29.013912809932933,0.0210046062431391,0.3455890769992216,0.0343385965827255,1.2670439228717736,0.0567961915450439,0.5697273259547759,-183.1302984738913,18.812157827783444,7.561313996839886,0.4804825849120687,0.1145858646676531,0.0926737799679623,0.5935131765024185,1.525160023625325,2.2645567990217423,-123.06383958084692,24.37119753472064,23.722520590593657,0.3110520059215517,0.0196419745381052,0.0594233055523736,0.2674824139263707,0.5496094573307818,2.967382825044994
0.88,-388.928159575932,66.66917446432669,177.75635010302048,0.0145579464949453,0.7517831722117629,0.6483021751015342,0.405933386154989,0.702932151674015,0.5272090832583194,-173.1212634228286,19.12304174790465,29.07779291003527,0.1255475377191789,0.4880776638239774,0.136688742256466,0.7753028155411332,0.649318470143504,0.1851169128498923,-183.4016456870198,18.971911530505214,8.043481856916694,0.4847461199577884,0.1262037883550897,0.1429095561571918,0.5537545025677911,0.9645606154979428,1.9480736359399375,-122.93810959826376,24.43226878325833,24.061926288246823,0.310454443023043,0.0205604044435873,0.0521299967994166,0.2741942419822378,0.0509523838221074,2.971344353048811
0.89,-389.7416908631756,65.99335612177259,179.626384810946,0.0984029950930299,0.5675653416703926,0.6660643072419672,0.1811809713769623,0.6315775959173914,0.4229734291408648,-173.24858282349675,19.74820741859425,29.122050846814957,0.0791717230029617,0.6049759566022189,0.0580481309167089,0.618631361379503,0.5880913962819159,0.2336169395175812,-183.67900971768188,19.1310982895878,8.49315727729407,0.5027845597756909,0.1322670062139378,0.1590080521303599,0.5549297002222793,0.3920455386854757,1.6220066322707296,-122.82374386795604,24.437916942831205,24.445733828575,0.3830559282877324,0.0134052034469549,0.0960669149964866,0.1064081647763148,0.2069771577743186,2.877358347360804
0.9,-390.6283457459581,65.19966483287851,178.62413942864274,0.1304303049013401,0.8335331562960344,0.6511880931216185,0.133813957163574,0.3784283877672527,0.5725154991335721,-173.31756594777545,20.44503572472455,29.054995688852813,0.0511612678392773,0.6634812109086363,0.0278979280990082,0.7643762909185755,1.1092556447258752,0.2189143099698938,-183.870563482712,19.192516114328967,8.996762490974227,0.4738225013291768,0.0771945069614289,0.119738810274794,0.1778759216039279,1.419392009993844,1.54249892938561,-122.64914761940727,24.55361099309073,24.81560089289588,0.3432708717507006,0.0814755999315633,0.0705137947142595,0.3352412155662145,0.2216302238613577,2.3993233172837813
0.91,-391.6959576366189,64.2642838656712,177.00086996579893,0.2575700900010012,0.8660262510350506,0.6270409417310013,0.5177875755411703,0.3008817802553298,0.5576372691342492,-173.3262688097334,21.19647549606624,28.917264146684275,0.0827511474686003,0.6894432569503031,0.0248043892638181,0.5564294529587228,0.7860430949613701,0.4019449546560218,-184.30711787181627,19.33470062386944,9.492149846447802,0.5498796182428743,0.0901241254061184,0.2650788942546171,0.2389396333056668,1.0004149445035817,1.3084876825333371,-122.492204132742,24.694439461684397,25.17801702059623,0.3235429037052116,0.100343247207034,0.0478264858978149,0.5356796654619429,0.2152572209283413,1.898896948646628
0.92,-391.9938990398136,62.996177242919714,176.1980809536944,0.0561595159171857,0.905494338101615,0.5053385149166937,1.055274240325372,0.7296835243957129,1.2476622528809818,-173.38259818146472,21.927749797657167,28.87986200711344,0.0153899802044155,0.6919200675576553,0.0405737622348371,0.2245224581567967,0.41500898993865,0.1203429010251753,-184.75958957004417,19.452928486892823,9.992356401006406,0.5874269414854998,0.0915543068407152,0.3981331154494724,0.2884959950295868,0.6154166266553841,1.1238198383899405,-122.45630275898718,24.82563631973673,25.610619281266025,0.4268025376256338,0.1234476851461122,0.0327105065785369,0.5957086576149113,0.2188646311762006,1.7751459599430786
0.93,-392.5077868491861,62.14728847401103,174.93691242516277,0.2075560144226372,0.9692057934696188,0.5382555559452358,1.1232409957742395,0.3256284454616197,0.5190443589216662,-173.50350053805394,22.800789333332283,28.891135012410803,0.0126048455777949,0.8616596289134615,0.0167522072104945,0.08350170433918,0.1349920176930743,0.5513649971301017,-184.99784805140465,19.49631606571626,10.31465173818327,0.6476231909616494,0.0994924885980191,0.2671453453580246,0.475841458645894,0.1971545596880253,0.46407889020396,-122.37893255843828,24.86294748629398,26.179379580681136,0.5039949924925314,0.0777255893713693,0.0235799897597766,0.4762591912912872,0.4342645480198842,1.384985475792409
0.94,-392.75259377986697,60.67987448998911,174.45466561586514,0.2907456293766545,1.4614655415106974,0.48226169577868,0.3013565240300684,0.0782919857163805,1.2850887488980014,-173.56617923606484,23.68999757090795,28.683625013090825,0.1351037384961302,0.8051082333325948,0.0450515264026895,0.1649214958055624,0.0387076900508216,1.0559020117760602,-185.4551370843972,19.62632149860505,10.943732679531411,0.6319937401861225,0.1105537156224386,0.2532192062171757,0.2951853075009433,0.2969532261169713,0.699623023624458,-122.3062945993092,24.94138322454157,26.81595288966292,0.5594454665866941,0.0655321924049732,0.0019942403732907,-0.0143807555727311,0.6639243073054582,0.781268679790671
0.95,-393.8499900352436,58.997411521706006,173.31889134754033,0.0649728600642406,1.5458863768324258,0.7787563243082315,0.2112016350918415,0.6373358528954519,1.83562582208798,-173.58421160672486,24.556664188720653,28.47563072651601,0.1332814449032671,0.8094641590396678,0.0173455268929262,0.2751572173222065,0.0619226976585983,1.215961178480672,-185.8671807057766,19.747262877345907,11.50792880309678,0.5672927071415249,0.1070374707751631,0.3049429140113515,0.0851033115941893,0.7996030082924055,1.1186061865407986,-122.197376872406,25.01751495215657,27.440922943708134,0.568012686800201,0.144395053851117,0.0212287937340002,0.3486394551354669,0.9221024027255166,0.7837331680236934
0.96,-395.67996313206527,56.546452374645874,172.2349348851033,0.3146239270298935,2.110691981464146,0.7469923809312241,0.2702463160415312,0.7162841336729533,1.0271624900050331,-173.6618774189225,25.628205836961744,28.399583634302708,0.1116908144074766,0.9480976370379616,0.0152342965182133,0.3404005298400612,0.4299061804361353,1.0464909228801618,-186.4370641362761,20.01619856043593,11.987972843570663,0.603600661383913,0.2077236059049473,0.5147147471192575,0.3733581846985617,0.401717244045017,0.0956944636522516,-122.07928462551286,25.25197075836718,28.121980670843783,0.5831518097852899,0.1900664879820121,0.0310862254293648,0.1442906828851248,0.0593354744514269,1.299560589009207
0.97,-397.4904792598714,54.06512960379364,171.12115799451797,0.572625180491418,2.681089629281576,0.6997427096677902,0.343710691102531,0.7577831651492223,0.2334192788014265,-173.75867267890203,26.753550037855486,28.295521774128684,0.0630074584403099,1.1093639577528407,0.0286350984047573,0.3970161181161616,0.8598064957476881,0.8974877359538158,-187.1730902958652,20.30972343011544,12.455023959671667,0.6609608518250925,0.174956399423995,0.53298544141667,0.8301259855613752,0.5702896345939732,0.0141793186963479,-121.93059891100656,25.31108524935703,28.5177715652531,0.6672572150487556,0.2192951213071578,0.0551437856374904,0.4266991326676221,0.8778937188112911,0.9319091969218511
0.98,-399.9359464882521,51.540215134949065,169.9374029612547,0.3283497690431428,0.3945517598272712,0.6289426425256532,0.4929469004746563,0.554441690145244,1.7697503550129323,-173.8657629955926,27.810594078274143,28.17173133070766,0.0822377424752281,0.9795931505137452,0.0746478992479662,0.1257973917109982,0.4617549233373144,0.944689602976264,-187.9230485439392,20.557505488440725,12.938957761855535,0.6314857214461558,0.2310474598279392,0.5685049700183191,0.2281064210662926,0.2787971128436349,0.2097658282106487,-122.00524187016552,25.502670857609733,29.377370481391686,0.6873553693908464,0.3412932221191608,0.2004042553563658,0.2105836816122943,0.019904508168347,1.0093168928209977
0.99,-401.046766638538,51.63263943496141,168.88229038003158,0.162923660823375,0.6839970019251407,0.4805691195714442,0.8375089382047385,0.5394886311379702,1.7835106274656254,-174.00806986862003,28.86175573502769,27.962163077329777,0.0668337883824793,1.0305834963711165,0.0905248698878365,0.1425348906819879,0.396639667265466,1.1100488867292633,-188.751951101172,21.00038842665614,13.316427283302549,0.5316694876029388,0.3989896654204485,0.7209851760368887,0.5792702095360177,0.0067993785928871,0.2763633985851907,-122.04280290138124,25.80855855036727,30.322886999759643,0.6774815005532628,0.4782757507381618,0.0739157888341203,0.3461430172243908,0.44154927388276,0.0089093418991401
1.0,-400.3743934194607,52.680531304036855,168.433207878226,0.2389820377268726,1.1201566763912685,0.3382241794615774,0.5147525734407957,0.7296956937638408,1.420710086184262,-174.19848567259407,29.9381132176062,27.73816030888729,0.0191434240606148,1.1164763256972363,0.1253830143730323,0.1055865547740003,0.3518372816925907,1.2964192435450614,-189.67912571532776,21.47640960950767,13.617314383973705,0.5531116474476611,0.4058644203064026,0.7196274716842136,0.9933049329738496,0.2823786285556418,0.6849601434586292,-121.88914197155292,26.29261066444848,31.188811069545704,0.6970327002293439,0.5197512267114308,0.0785338439612523,0.5619245539793788,0.3463675656252368,0.0773447333378507
1.01,-399.89350574059984,53.68026681542734,167.86580480505862,0.2580027473111895,0.8984469034164612,0.3869976173092654,0.4644949632487831,0.7564039711882355,0.9198044513437066,-174.30423062869292,31.18689038164289,27.63985582700566,0.0096070437355472,1.1370022025076638,0.0108778483134881,0.2541915525923122,0.023084461896047,1.129787869128105,-190.50124345843813,22.07332622423532,14.016978993665768,0.589558375316024,0.3841267242274708,0.6481593774612154,1.2222673019297683,0.3097991728907069,0.3181199812021658,-121.74294833352003,26.81082742060433,32.06365158738807,0.7266768335248727,0.565492832899457,0.1133307503114617,0.7833327155727561,0.2410225496790627,0.1210761609097116
1.02,-399.4786576824966,54.63141420948006,167.46515663248033,0.1815470171923641,0.9928360019211032,0.2756193771705431,0.4111809669733257,1.0307072243017508,1.1327109800951425,-174.38688135475306,32.431192485059626,27.49088447664094,0.0365116770088149,1.1001098595856398,0.0216834753117452,0.3385253149085171,0.5860003940781927,1.5865699840706322,-191.3724069069576,22.50455197631279,14.31382723247197,0.5260341178145599,0.3467088803497453,0.6973034137524575,0.8107149368741022,0.3315230681648408,0.1309238556389549,-121.63396807903672,27.37435949024645,33.007077392091986,0.7271961563257222,0.6037471402052035,0.0600076335495536,0.1435369154012035,0.7743552654859632,0.4946255862858162
1.03,-399.1821541709271,55.743210790106,166.933256836431,0.0021570057831814,1.004633284741992,0.0110911187557664,0.538574101004052,0.6849026411283857,1.4066923924492103,-174.50787618941536,33.56173250716097,27.37161320204746,0.0192967550418008,1.0588325376115355,0.0531154079886397,0.4801548446443782,0.6695805130397765,1.5213964233146051,-192.2466103223326,23.000716074707547,14.550803573516388,0.5124423258719274,0.3254667444883792,0.7488135152038862,1.120781290963245,0.7506666970429988,1.0007251645140252,-121.66201506090292,28.744308312359344,35.171792480222344,0.7847751134173901,0.7215101388957317,0.1309818145956029,0.3864232387145801,0.4820546792629616,0.3575597206152391
1.04,-398.6067290073217,56.86997124655229,166.7066301734064,0.175629346222132,1.0437090590619047,0.0753196835578361,1.1190838780602386,0.1786556484924781,1.4904960581498845,-174.51093512391003,34.18143813029583,27.33576576412124,0.0559732045739078,1.0883798154680924,-0.0145374622880095,0.3982957295979569,0.2774877034050436,1.6113810409185951,-193.3190655333467,23.49872322492616,14.75686377232919,0.532187487419769,0.357120090466517,0.8980606741981293,1.236789777940272,0.354832682381891,1.4516174676579716,-121.6919835383517,30.1175777628108,37.29716547852675,0.8611914242647112,0.850518114868913,0.1781503731734365,0.6203218375643911,0.1697095740317408,0.2027514249173572
1.05,-398.345107265913,57.38115029464071,166.6834363628402,0.1161621113359364,0.99053182955283,0.1155686581514767,1.3506604881900166,0.10188414041139,1.3338641734560843,-174.5247644244475,34.80718985782063,27.206792749344544,0.0467864156960959,1.165322519562524,0.001620301286748,0.6408660036110096,0.3832426884858698,1.568820374859042,-193.88169542749608,23.749882005558447,14.822325516468954,0.5381144706422856,0.3370479399939105,0.891403669965281,0.9713336594536218,0.5292021926562236,1.3089649712069138,-121.6885846607584,30.53910221634729,37.94774907095614,0.87274047615829,0.8600434477234656,0.1705943022325677,0.4577918061427547,0.1946134669818205,0.2326068683263562
1.06,-398.0699151316375,57.89717251288837,166.67590807354696,0.0582874396647542,0.9323941343661948,0.1329858717557901,1.6161571059127269,0.0336139682442422,1.1325915749258642,-174.55896124516568,35.440056207126645,27.137515597854208,0.0315572756229465,1.2365476613840671,0.0331995872834158,0.8748422379161148,0.4562331772321139,1.531686120333273,-194.42667891717852,24.00137435739652,14.936315077037928,0.5491128601710933,0.3566792615097514,0.912480682227028,0.6932827927542335,0.7002162271998322,1.1891109371949875,-121.68769070591742,30.93723846703687,38.55424359570544,0.8707485801363104,0.8769116473652764,0.1493315808299694,0.3141350741109283,0.2360148230174052,0.2572675720344574
1.07,-397.80189396054834,58.88054166129499,166.5080685174869,0.126001119620231,0.907850028149072,0.2457246222440447,0.9883786262683274,0.0714315497407983,0.9045041015086018,-174.67207732431368,36.75408150410557,26.9362593573582,0.0640829779794461,1.2211927850412252,0.0293225574970354,1.1107056528146917,0.3228760075088893,1.276376151521274,-195.8039712466308,24.62682336261963,15.06434615359711,0.5256583503799281,0.452006324038695,1.084547466847132,1.12900324918534,0.0923648235862048,0.8383246006219087,-121.56094691790176,31.455917989481662,39.19474924552764,0.8436448829996434,1.0209668888484538,0.2768657933502123,1.1175629932620568,0.8574643033245347,0.5154804540357386
1.08,-397.9854140085052,59.81141393320093,165.85957821012673,0.221058774716319,0.8270805261166588,0.026803441355656,1.220362453680232,0.2174356948350352,1.0629331336286765,-174.7735916341512,38.03857594375333,26.67929619309955,0.1025834838615969,1.1894258984919184,0.073759337501991,0.9723379784583674,0.5219567904972889,1.3395427043125585,-197.1276924513414,25.312695037743016,15.0413684584137,0.4716303241104753,0.5066791825104775,1.1418156993845978,1.1551383471184586,0.1294329895075933,1.2603552132165527,-121.44175902567568,32.444841100345066,40.509740619977045,1.0020698853919894,1.062640511648809,0.0410219679607339,1.3892018469039038,0.519927491614343,0.6276325815557198
1.09,-397.98011725216753,60.75648074491502,165.3743550001888,0.29259467374359,1.0022324479879443,0.0579789271474171,1.565845997841719,0.2674861507984845,0.5374854221564981,-174.86450384040518,39.3689854042881,26.424875628802592,0.1337515731569807,1.1588800852562522,0.1005262832848903,0.8114080019971395,0.6955008514007179,1.373201424175549,-198.49626996258613,25.998293384107868,15.04929535620522,0.5312200273429274,0.4419064246876567,1.0889852320332218,0.8948265065279344,0.1306110463413454,1.6370305473843552,-121.55958427342884,33.24434998271872,42.19940416802686,1.0780377808800043,1.0491839458717187,0.0961555185017872,0.7319370463520886,0.0761089854132552,0.3899979198498622
1.1,-398.3005418731064,61.47412950340155,164.7680514345681,0.2813034330504302,0.585379243897733,0.0582109088125099,1.004678157924679,0.1999119685154008,0.8061542689657314,-175.19408513924992,40.665127445370494,26.381307864267885,0.1720103772145013,1.2573651509356705,0.0915544141733978,1.210478011733174,0.06640933775725,1.3938687984364226,-199.84308218497236,26.7380417294982,15.034372413544228,0.4731753656060373,0.5336994071594553,1.1514337510383892,1.3219806818634756,0.0717195387981714,1.234848535350619,-121.55741004855864,34.14362590201444,43.93706830976749,1.0543886930270272,1.052936251906435,0.173239823506939,0.6804625764869325,0.3122020957295806,0.2074569632436857
1.11,-398.6208343715445,62.17162704320075,164.13052941792998,0.2684635197422238,0.1893999808239976,0.0609249912834923,0.4124072016687786,0.1030079418613344,1.066543752556097,-175.36605800420915,42.18464819511812,26.19015311177865,0.0851082024859341,1.401979065412022,0.0477328124525715,1.0556687708313206,0.0545581886258229,1.3293736311510502,-201.18068934356177,27.49946925633765,14.990264899902831,0.4076855686620275,0.585481793705804,1.2133106575438448,1.7768592822021074,0.0320836073918397,0.8552196061802095,-121.38189947160006,35.11157010832141,45.56064953814971,1.0411456187603592,1.0922756966288154,0.2250260836468778,1.3494237929487274,0.6249201089145753,0.6223011819647606
1.12,-398.8057288817068,62.63887829740885,163.9648047987406,0.2651377679996011,0.5085184628336594,0.1992975949910108,0.6953730314964327,0.0752648763778977,1.297436043980464,-175.55773255682732,43.681631179287336,26.00058885465043,0.0722136517800761,1.3627242580759873,0.0425909265462675,1.2195338735413548,0.4355340117946859,1.2642900888446966,-202.763536911456,28.39186804389952,14.614836239532568,0.2881569104656807,0.6152024758403338,1.3013828488595374,1.6830581194827885,0.6068969438024002,1.598612493859838,-121.18626331888976,36.25737849018311,47.31646491374629,1.0928324301208698,1.2542869113577244,0.2729430312344602,1.6547915020440327,0.8933096163284145,0.8274059674423325
1.13,-398.9897321189439,63.43944443659169,163.31368769095232,0.2672545389306702,0.7951264375220755,0.0720433899711601,0.7131018902357484,0.4201705789150062,0.1604853702580913,-175.5611173820335,45.12011385273249,25.84949521217588,0.1377124949857072,1.2934844150999376,0.106464558475714,0.6290214550719325,0.4193826933490171,1.0059394534432229,-204.12834320189165,29.179761697023213,14.145913044521189,0.2495915702788641,0.6270600706585684,1.2683029012333566,1.444317417193874,0.4988219477950529,1.5536840126091491,-120.95683358594944,37.37304977850295,49.31223836065417,1.2934555418458766,1.2008913732431052,0.0805685895410433,2.016262245596272,0.0681952360975177,0.3006087337239361
1.14,-399.04168001122014,64.1174475804121,162.8095424044204,0.1395581597695323,0.4735348270387873,0.0381805534959933,0.6480195463594417,0.4442904949888514,0.320668259600102,-176.3183989536428,46.38353068680016,25.68509219064789,0.2067989334151952,1.166061797424041,0.1060937175188717,0.6964629032743059,0.1886032595843393,0.8431506104252663,-205.5720306665762,29.9836557243772,13.68880589853948,0.2259365523927393,0.6212986660919683,1.2406555357298807,1.2043041386050597,0.4163335516128144,1.5393181120190234,-121.05106812764905,38.3188580635575,51.55308491802272,1.3685795521063957,1.2047203885401128,0.1075172350218632,1.9070696835918035,0.4493075917435452,0.6019564968717973
1.15,-399.31205466274287,64.42447005401596,162.5410713304654,0.2174933717862818,0.2615463576790219,0.082588232229871,1.0736391385478716,0.2956311424070256,0.1047034382516257,-177.11151314111493,47.69289570771225,25.569126843734875,0.2261907333704442,1.1824268933174666,0.1640818107844009,0.4236589368582289,0.2607819594041164,0.9298835004717452,-206.3028283749683,30.437075764486263,13.438212557446262,0.1892429349777184,0.629639170017319,1.2374287406085105,2.0847787606538186,0.6272209120587191,1.8050705511585852,-120.87014489451197,39.18564352552953,53.93741759064857,1.4752758901446816,1.3047031615741862,0.0554763296770341,1.3116060619513632,0.1427478536232102,1.0607069705895944
1.16,-399.4265044360761,64.94154081882557,162.19277581338244,0.1175823810768381,0.7100731596913011,0.1302240892873917,0.7439314398727115,0.1975487586727396,0.6498809033303812,-177.86785834988234,49.014336727744976,25.357747571082545,0.1764393045877185,1.2412652562008983,0.1371235958396472,1.1138783325131572,0.6201137566914069,0.6885786856036126,-207.6205687714885,31.176380342372948,12.87038916515976,0.1011625807732016,0.5285273888546475,1.137389329960084,2.076868889669934,0.2789435102714317,1.238495321486211,-120.68378012695514,40.12241512310784,56.626431536305205,1.5100730777565792,1.380581138142591,0.0994650409807743,1.7070452047908242,0.3279512115353935,0.8852684169653269
1.17,-399.4377279427465,65.71494312268817,161.73353591838992,0.2374891233412396,0.6566093917161997,0.1069969317907823,0.994100729009222,0.3836164828557993,0.0889347928350594,-178.4899971188971,50.30980826302875,25.127057983735728,0.0874701015883314,1.2255459773971231,0.047900809089849,1.359731117609709,0.5893569675461138,0.5855604162731547,-208.9283413142244,31.863731327237765,12.20232343988292,0.0054422973968839,0.4582673141787833,1.2628938726941952,2.256902129841565,0.1357864316892618,1.494306288552462,-120.6098524758947,41.05658804714612,59.43683721007756,1.5563727395517573,1.5268578243027549,0.1540197293395599,1.6969545481736177,0.5961223758807112,-0.0043753672486743
1.18,-399.2646790767375,66.478977949914,161.32280528008403,0.1513096749792847,0.6736877155028366,0.1233192544277006,0.5822292479138929,0.3422973884225145,0.1489729125942367,-178.64462220539133,51.571295914871456,24.74661776993248,0.0827683356324723,1.1658485527806397,0.0422958384849241,0.8659259619214982,0.4566679070420466,0.4086575594777779,-210.30896741101185,32.49641872666884,11.304095841380102,0.0811267196170783,0.4988995470543547,1.4930055938133275,1.6478030345750592,0.0974761379982144,1.8324395314773176,-120.32541945332947,42.13141025990166,62.431946207059646,1.638280788691579,1.542221275146398,0.2420200002538386,1.180276391844493,1.7963717086053546,0.0147857473443247
1.19,-399.11016303649,67.26444828913164,160.8884734887467,0.0879432615321564,0.7127425257016121,0.1427589278862859,0.2129987607643792,0.3048332363171875,0.2148420856160527,-178.80178102223462,52.79501204241795,24.380135295374217,0.0676424423500871,1.0976135603090251,0.0323207229002261,0.3939699327845329,0.3340455999026848,0.2487618923406857,-211.99567724302116,33.1305502065008,10.122758280363035,0.1054754554746185,0.511982315601735,1.5967714930145411,1.9455034401152544,0.8128368528723219,2.109697281313815,-119.95477879192752,43.216071948344094,62.45435394420885,1.5943168196203472,1.5643418365660728,0.2815744134924882,0.8576735832603083,0.9054176171559832,0.0680363299483487
1.2,-398.8223463414161,67.93549743684083,160.85214723861347,0.0539612898956405,0.5127328471284683,0.1744877837217731,0.3582653478972818,0.1733800192733403,0.0456592938700922,-178.9909775144393,54.00370902483206,23.939679215247345,0.0220359702636914,1.1371061599854282,0.0852684929588214,0.3232630432844177,0.1553966841375707,0.248126345575662,-213.78432118387687,33.7490850775476,8.867276576330854,0.1199214632061527,0.4133062176187028,1.4102603691673528,1.6670810883524405,1.1767616234961578,1.610445785655975,-119.56861247855656,44.330399343030585,62.42860539875188,1.543510969850068,1.6270108553476512,0.2982237874055807,0.5390628804713556,0.013764419809362,0.1524688709037689
1.21,-398.6811397948608,68.63063532226961,160.18397514582796,-0.0248554073137978,0.62883813611696,0.0356571757203331,0.4555106498370785,-0.0060119343875148,0.0681961824077171,-179.25300989674705,55.24909473584924,23.50627369456909,0.0095941530400615,1.179103126964287,0.0694223662657573,0.2565136851262555,0.2245492169442827,0.3979665450943588,-215.42236353132893,34.173576383773806,8.85012895387974,0.1881611147821395,0.3754225737650632,1.5361135432803814,1.5247843163614982,0.8633895927018111,1.2633333237294126,-119.24976421105396,45.199763362454185,65.73889011773751,1.5707096410026768,1.7040606655914774,0.2992967942401454,0.3886386139209307,0.08761334267917,0.3563096876889127
1.22,-398.4888867663397,69.36560314990668,159.74947764801544,0.0394294465410077,0.6111951861119796,0.1068639090956814,0.3697280620391951,0.1283939445765936,0.416391997115663,-179.5690721663609,56.51063757788879,23.058034122133925,0.0398321544193489,1.151414126217711,0.046790530821042,0.6465609726537294,0.0448719021448715,0.0542170343527313,-217.05691510651275,34.627259249370134,8.79868582125152,0.2857475186707626,0.3416182966144495,1.681721558088285,1.3998496987615665,0.5231188598732062,0.9062887545642996,-119.2015947034172,45.87134683593471,69.52047353452626,1.6012560977312087,1.7417515717916148,0.1648692911833288,0.2123462955890158,0.1692065160519174,1.1238727324823865
1.23,-398.4390590534855,70.06540995918232,159.19094903750823,0.0641473603851553,0.6919407441631958,0.0055573279908069,0.6538267803439173,0.1952953943485293,0.0270222834300149,-179.68829467382648,57.18300360553469,22.808466527089504,0.0374771916557018,1.160707273520203,0.043704989714795,0.9680075554958412,0.0442020854615344,0.4538186539760878,-218.917418925811,35.05139175662696,10.695978325348149,0.5791122917321785,0.5351883513103334,1.8683594191313373,0.6865246849539438,1.7731536188409152,0.8409217376723677,-119.11025300688344,46.57529917776427,73.29865771697354,1.66114508470857,1.800228117154781,0.0434422424913951,0.0411713422466686,0.2705338264617946,1.9334926286021972
1.24,-398.4491475311052,70.37323090896321,158.93869550111813,0.1667564331912362,0.4694772606618798,0.0324036669641783,0.5552294682667823,0.0623621752331161,0.1907261567991278,-179.92961454990655,58.37146272328568,22.310591414908416,0.0559543543204149,1.0067976973585786,0.0306061601233999,0.4764772570259528,0.0449529826602156,1.0234762833149162,-220.78570260306884,35.49131660141108,12.942690092229656,0.7568948122453757,0.4816357315284048,1.908300789654115,0.2245677702704492,2.148253754426501,0.8294459718630448,-119.31552599928094,47.00652018758792,77.06489555680247,1.582963124692024,1.706095363673183,0.1967319498233573,0.0125713321418614,0.0051234811968865,1.1287585085024143
1.25,-398.4389938168434,70.87208207787991,158.55866225191926,0.1355858874653063,0.4108312631610576,0.0600526329293619,0.5363816865872574,0.0818971745058741,0.2046201088964786,-180.06426704094267,59.41608514809462,21.93008794235421,0.030629979510386,1.002152277968687,0.012370424284013,0.287379172399223,0.3278404747339873,0.1683694280886309,-222.6847659394678,35.80414079908436,15.436623763829834,0.8979524196081332,0.5281678092368214,1.7764184184237573,0.064416345173637,2.24360032397034,0.5494284093322973,-118.80860242789348,47.61937331348504,80.68271300774236,1.5060787321528275,1.6286843596977412,0.4691176593753047,0.768547227441049,0.3201144091608544,0.3382545868705967
1.26,-398.4096270948768,71.148272993502,158.37565516684484,0.0768746497403916,0.5101729963155743,0.1004689514996907,0.4676229229881076,0.0448290036330436,0.1569884681161716,-180.1600871441314,59.97527098143493,21.66858198355283,0.0385000256175644,1.0809356437918711,0.011285906385731,0.2555429369835375,0.1742946915746963,0.1890491241844257,-223.39886425569347,35.904904500097885,16.57926213549687,0.9156213192575622,0.4143321447302679,1.542480771578558,0.3051908315892242,1.538490113683045,0.3583140306389232,-118.40255069385027,47.99731962378237,82.53009754270799,1.536226203670271,1.6406096875390943,0.5634150855421387,0.7276699897494566,0.4022142430670239,0.1812254095282844
1.27,-398.3774176433499,71.44188485880305,158.19971645965234,0.0205030902503625,0.6135439227335363,0.1218614255026891,0.422844314761778,0.0293933277881591,0.0759698671941709,-180.29147992489337,60.58582265119543,21.41881093436252,0.0405082760994283,1.1385063835545297,0.0040917111971229,0.2573852171976785,0.0203500887180138,0.1991274373197968,-224.11261839891512,36.00879157057188,17.711343471092583,0.9428417069769064,0.3046796952178395,1.2935504415320591,0.5154162723617335,0.8461843878963116,0.1763715137472344,-117.99348942168982,48.39105832234457,84.38325715535868,1.5425982898691175,1.634489259841012,0.6930420617065319,0.6913771824660147,0.4617088518035395,0.0579273598513366
1.28,-398.1605280506092,72.06277849265028,157.68376985982005,0.0936932193178478,0.4680608560241502,0.0516507173490144,0.2013109738936409,0.0074558472561477,0.3150714666055679,-180.42416687527745,61.76301389726833,20.82133240308941,0.0941229912196206,1.0679626772627573,0.0454451056079079,0.5131593911900619,0.1375646065775366,0.0626125130981221,-225.3269067429153,36.08708734867443,19.81210288085535,0.9148459686960758,0.2963349405152726,1.2364947807985258,0.8142896993294801,0.7972624275527648,0.9253772760198012,-117.5726567366313,48.94375415545396,88.26149403891534,1.5751386281384332,1.6714823633732312,0.5289443968485763,0.7325114920473383,1.088980348877855,0.6739128637579034
1.29,-398.1138004552824,72.5508265552296,157.1618883792554,0.0716582448384525,0.4273881505837383,0.0420265075347093,0.424637941328915,0.1031817438579019,0.2692581641392007,-180.49620047062868,62.781586853510696,20.197124022116064,0.1044829017502993,0.9520519639591094,0.0272552173685885,0.2591911628383591,0.1932747625529253,0.3727317970033403,-226.3778507551705,36.134871732927785,21.86725063066624,1.123338634410384,0.347976282363393,1.3488380187070188,1.1362430199147382,1.555539400956753,0.7638956619855832,-117.26070328752932,49.12366981536251,90.25261101167165,1.6516695400081205,1.6830210791236269,0.4017694866152479,0.0489365384255385,0.2309278897930852,1.205788594710688
1.3,-398.070191316774,73.05172090219648,156.646796106462,0.0469384168096929,0.4076901943123854,0.0727437206927542,0.6340281031367224,0.2011620653516672,0.1914980034166011,-180.562297517381,63.80123788753629,19.57248187246521,0.1060924296220043,0.8635920700359043,0.0377272609546069,0.0111613788245401,0.2640393830194133,0.6456001059770929,-227.4810070525352,36.07462900558423,24.303286910094094,1.211253805657304,0.326213149088784,1.3269963771611957,0.9745844275302014,1.0676737297296657,0.5253683805042942,-116.55567541899283,49.38433126570945,94.2448913482731,1.5348140152253715,1.6954766987376877,0.8292382309152158,0.5655507505561674,0.1988333819987403,0.8696353247051339
1.31,-397.9968423476884,73.42835689312555,156.11821374007792,0.0758253963387816,0.3937375072167108,0.043478936891011,0.3864929215893792,0.2259245386242239,0.1474439208788698,-180.56321162662869,64.68863959662347,18.857438319633264,0.1166671084856609,0.8739553439720323,0.0098221320984048,0.0294425629918681,-0.0249797624342054,0.3571755506339847,-228.7570934233508,35.940000633641446,26.808900340388767,1.2960244798005216,0.3126733753565027,1.243794943192322,0.4636814867703735,0.7992207278917185,0.3994104033207712,-115.6231167461914,49.89888185792555,98.44229815653476,1.5646574616800737,1.694923850633847,0.8325133008682593,0.2862020846756806,0.1102836169285912,0.5790727271904424
1.32,-397.8748651034375,73.8758815760394,155.6125997724395,0.0140420081554178,0.267474873688689,0.1446883932007982,0.2920672784581344,0.3126406299106431,0.3255843784509881,-180.4977843821912,65.66345448485359,18.022493213873314,0.1796995925244935,0.8226533610372491,0.0149672069026988,0.2121607372690215,0.0060554749505049,0.2885855866943493,-229.75710867308143,35.75393471675196,26.825397635740387,1.3818880905290878,0.3334020380127684,1.3017681212785412,0.3414224448714322,0.988876949767676,0.431443158616114,-114.70495571,50.3619159269287,102.62555077162637,1.608403149602058,1.6892914678986588,0.8038417824330888,0.037224443871449,0.0059380381128152,0.2598431183574874
1.33,-397.67305329882544,74.24674904416537,155.76749183375628,0.0356786780703581,0.2281256756087628,0.1702903468054045,0.3315995543195581,0.2930258076048373,0.0486907133370915,-180.48793465120357,66.60494817836964,17.18466519949534,0.2143385219833948,0.7855668826209434,0.02261800843903,0.3995103228403788,-0.0037219654067354,0.2306709732954927,-230.74566816996696,35.55179635445001,26.809466362650756,1.48141546403384,0.3700426949827057,1.343507503217233,0.2095484706343985,1.1319761605734684,0.3900424282318739,-114.04137473316382,50.511130973641365,106.932588367571,1.6733223853853283,1.727839454634938,0.742065128613061,0.5951310929402178,0.0417117359899594,0.2754153298799955
1.34,-397.4276783895908,74.70173772695156,155.85915567533036,0.0410782460370728,0.3519085433909561,0.1137044701065735,0.0500271382906146,0.4583876456378605,0.1282831274176695,-180.30360961026855,67.43351051134938,16.373816114167578,0.215912910818587,0.6521127877473292,0.00035349061638,0.4786027348289518,0.2302468321626742,0.949714331060684,-231.60762278899372,35.241932362986624,29.507264938668587,1.5540107501013782,0.2647288693468269,1.2095294094548077,0.1286509110685945,2.101027716798461,0.17298978916061,-112.54668799985114,50.35729883719841,112.3399449468649,1.6700545266307922,1.6604562875099946,0.8362451276044167,0.372284871928413,0.4957070844260938,0.4523215713287678
1.35,-397.1046124699495,75.0718960728053,155.8695846797273,0.0341276207330692,0.414392532506815,0.0404295269962181,0.2425007313111368,0.5094634359698491,0.202056857800585,-180.1321802722835,68.10907721848254,15.56769058312095,0.2080194628083882,0.8097286674589619,0.0065750901799151,0.1583139322242855,0.4956365185230788,0.0478029688706368,-232.08927929942908,34.80165438256259,32.06646492593766,1.630085881642372,0.1534049824540296,0.8940318156204338,0.2553900590035824,1.2965473948932569,0.3268501408851773,-111.04732315007968,50.19264967811862,117.75784546432928,1.6512066157141372,1.5832498017444054,0.9166515194721256,0.1598469968962325,0.9863698412659698,0.6435782529472882
1.36,-396.87024148079735,75.55239360028835,155.64800581515922,0.0217850476704336,0.4766640903172544,0.2024082149285424,0.4306374008166186,0.3720824103140662,0.0430659837592336,-179.98299169501152,68.99617855314487,14.546620760867594,0.2363831529426753,0.8211228761564886,-0.0031970689811748,0.4473958029226381,0.1805617785577914,0.1711574749037468,-232.5736548868989,34.392173175197506,34.6218964164695,1.6974184293648853,0.0337571325042309,0.5894942052896905,0.3971152581851572,0.4332813006070284,0.4887798434401959,-110.13073354901954,50.13469837966589,119.90629902627091,1.544633021446787,1.619732905938038,1.0621965655128605,0.2200135540102707,0.3115633807126898,1.2913831290114155
1.37,-396.65879788885366,75.88007597663548,155.2291611195091,0.1344089089168016,0.3578430689872077,0.0453130412559588,0.1991627702624029,0.1006743051877618,0.042587639256153,-179.73648615909494,69.80314601307917,13.487387782360807,0.2625304198102287,0.7197685117890269,0.0314749277001075,0.4138518206132369,0.1609341895905346,0.201166739330565,-232.50420051980703,34.06901491559217,36.80944205462264,1.6566429471654922,-0.0020968535107558,0.4515941010102035,0.0659113301131837,0.7613714078062606,0.6906343009329245,-108.32346898249516,49.88020738561945,124.11762622699528,1.480463187671428,1.609259008500967,0.762523448851894,0.3606808758048256,2.871946972584241,3.498265689010629
1.38,-396.5123984194061,76.185254958737,154.6901022285189,0.173129513374509,0.2412608845340012,0.0503942471069575,0.3914474328879742,0.0130308128827219,0.0479553233120526,-179.4856665037867,70.57063809716,12.486932089681318,0.2916709259722799,0.6518137169632693,0.0318141793968934,0.0202198157486982,0.2181152218156525,0.5427582636767908,-232.43250557076783,33.70008697856831,38.937146794331504,1.6534787483996083,0.1312747210538335,0.7928342460481785,0.1733384046579736,0.3655980889099717,0.4977547927975048,-107.75367175986004,49.19566354995956,127.73371777493388,1.3205794502280523,1.584898592121739,0.1592306291331653,1.965026156983986,0.7209522128289956,0.7579088836266639
1.39,-396.17620266182297,76.37623301114378,154.71672716996463,0.1384073114256762,0.1508315018087074,0.0644391726225672,0.319343872378021,0.1495130045093909,0.0641706579593422,-179.2983106422708,71.23422030666225,11.56037445848218,0.2277313901668114,0.6847549479649587,0.0303755414336302,0.2193213367949637,0.0349871369882892,0.1691582686150197,-232.86002818637184,33.2494205233233,41.44261115422328,1.8337231850748408,0.2095154517296656,0.9891623330379692,0.8654890871279133,1.323289138548873,0.6646220452129882,-107.0655021260692,47.98304910000202,130.68578082143256,1.316001364075542,1.448818195136174,0.1226780356709217,2.569330675222947,2.513955346984841,3.670428218480981
1.4,-395.68891181221215,76.74605229719442,155.10240560812323,0.1851819136622647,0.2522088504584918,0.109997900905637,0.2998801000657137,0.1227608382885241,0.2961918820465036,-179.05498382857814,71.97196321174181,10.453825726663226,0.3107621288307888,0.6597455262584235,0.0727361276043804,0.2715732256322467,0.0830143270327977,0.3519970597915971,-233.311632245426,32.771622339158284,44.1312545144561,1.9405651075151555,0.1673474109933572,0.8662056209973891,0.7876651322271261,3.203963957970016,0.4200691453670807,-105.9224070465529,46.997492400149056,133.57191957046984,1.445670795836994,1.290484056016883,0.2877257573816493,0.6171299093904172,1.7610546362289785,2.422574255164905
1.41,-395.31855151863215,77.01039532836847,154.93623266974524,0.1953652199556841,0.2485117133876385,0.0260908620322368,0.2655818167219027,0.2093244898461131,0.0608088365481253,-178.82135858263686,72.68188253176405,9.38271241543822,0.3754704913200692,0.638862548861641,0.1015309484313219,0.3558038416250204,0.1306157464984909,0.5247975694733303,-233.376180691077,32.179296970315825,46.87631720686156,2.185130076739917,0.0357984335523734,0.7011881263448458,2.2567743171627024,2.983696536884339,0.4316942284065658,-103.62093221863915,46.41276505082837,136.881232943998,1.4477769853685762,1.3089938959910443,0.2398898730159293,0.5720562603249648,2.519033660127089,2.131007118647949
1.42,-395.0359570567729,77.20792227111994,154.36991880525113,0.2121795801565549,0.2007766825113592,0.030929861128033,0.2022313739003962,0.246818347205306,0.0717683393552179,-178.48521757471096,73.31050791816469,8.435250809483394,0.3642676731486925,0.5182755189213342,0.1006548610257232,0.2307866321990727,0.1190289865393571,0.4839476688720366,-232.8945379508964,31.75924348569558,49.1817700411701,2.0646229081021774,0.144890027139007,0.5292366219734498,1.3733368419381522,2.262247967297954,1.0094535475653452,-101.308144640705,45.816613807557474,140.1256126358198,1.4261325401169316,1.30700332159717,0.18973889634605,0.4876075424597386,3.320900313557099,1.7943169240905217
1.43,-394.73915785566095,77.44458833736367,153.7936614396205,0.2445186442494805,0.130634149562324,0.0238748585312157,0.1825989288002845,0.2862528070560042,0.111107014602083,-178.242992016628,73.89993808911808,7.361614289350476,0.3465068932274124,0.5441124250060223,0.0837050167662022,0.1941993343857168,0.2159375051745458,0.2492138170382785,-232.432979388198,31.29499585106596,51.50306358693868,1.9851219696435447,0.2742009728096524,0.349938519431313,0.4960193329280543,1.5680798567106249,1.58517570909153,-100.06985052044074,44.62593292170251,142.3809428112458,1.2601969370306223,1.2071589559341291,0.2571562276507027,0.2501983938324565,1.2723438311910125,1.650159549911592
1.44,-394.502338599882,77.57522437911506,153.60646334477997,0.196075768927703,0.1103294426734942,0.0779806095607916,0.2291659520838594,0.186941261403161,0.2192215290249038,-177.97820761195226,74.48953312360356,6.298975638519165,0.3232478163595921,0.56850376023669,0.0984063801442411,0.1735142888724886,0.3335803738524272,0.045988500281884,-232.60332123645205,30.619953511526948,54.070491531701165,2.055172529115736,0.0936278025346002,0.9241587759890186,1.1478858568681372,0.0489091995856425,0.8617240982067083,-99.25234921191344,43.65384347576464,143.97294568828116,1.112064437384782,1.0299223378083515,0.5297543414082333,0.1497245640512693,0.8554238345637614,1.183596980495648
1.45,-394.2994035827346,77.61669014277604,153.30875838830343,0.144109347372655,0.0563402433230951,0.072926492533971,0.3778651630215313,0.5750496410092752,0.0534345116217663,-177.74406264882532,75.11462199430612,5.246614080748052,0.370948661646974,0.4477439753233567,0.1099126734608196,0.3406127790155676,0.3411642505183376,0.2044234713336385,-232.7925734970377,29.93523836613655,56.74305405495456,2.003059173254821,0.137683384021814,0.7742777731110587,1.2422845671384204,0.2446785626411944,0.644349513334907,-98.42843254566948,42.68026393405607,145.54709936932676,0.9473031570259524,0.8418417952421887,0.8085428148291944,0.034693106847187,0.4316514433947628,0.7542551800009798
1.46,-393.93948666673583,77.6187605582495,153.43420246077935,0.2381077670257047,0.0528252226519907,0.0306479742025284,0.4608756118409592,0.6731451595518605,0.215702120168703,-177.43114563750603,75.56203231254626,4.367408011334326,0.4037758368312614,0.4139749015518505,0.128556502260022,0.246198425687007,0.4356854573891601,0.3068120118547054,-232.94201380158245,29.435123262571977,59.18420567973948,1.927776860787894,0.0659173240584065,0.2643362864749352,1.018846242619615,1.924334955054252,0.1962390181436954,-97.00084399637105,42.28993123628941,147.81369951510413,1.1931958403561462,1.805368059300204,0.0874280792117151,2.042646921283896,3.409730923123747,4.049060705042947
1.47,-393.85760466138703,77.70164765412142,153.68956824735795,0.1560452529752291,0.0256348685319694,0.0886823871540057,0.3754674414568449,0.4626851245906978,0.2056360739628804,-177.3084559539288,75.76394032547911,3.9963794948922966,0.3159792297405328,0.3853783743379394,0.1376963238623492,0.30767994107349,0.5405458921663177,0.3400651612737677,-232.64098778219588,29.41169073516788,60.2465763286252,1.8738812990678555,0.1325743990341513,0.2560566314948136,0.7738891020525436,1.0452452401191643,0.4057246308091412,-96.39377669100696,41.64513572573424,148.6655786862631,1.1190374485272636,1.31245100863857,0.276353665113178,1.143001500577152,2.036005257154592,2.3661613502907466
1.48,-393.7397184769705,77.75145860404149,153.93700343847254,0.0402723668515249,0.0458689131641885,0.0999794987354389,0.2759714628692226,0.2431625013869541,0.1853906316514939,-177.19885479751696,76.01006792535287,3.617759753003013,0.2268013322911108,0.349222321550098,0.1289464094325558,0.3497982345278035,0.6297149917969117,0.3364377736698613,-232.3290122830124,29.348622618669037,61.30229382609197,1.8495254593424892,0.1906503476182112,0.2317111014133998,0.5427808962534059,0.1505368977646684,0.6034585707832487,-95.82937525251498,40.98173364022338,149.56643300341716,1.00686377459582,0.8225182271058749,0.4437274618231437,0.2196581133261292,0.6638298572630413,0.6737246307408267
1.49,-393.4981021732875,77.69362701089608,154.11154897479847,0.2314176496746191,0.0527595467796152,-0.0124881597250573,0.0968931740017954,0.3168151670928118,0.3833165580218767,-177.11094125911026,76.44377539882395,2.989574120111224,0.2183982558276041,0.3301794319707665,0.1010755012729304,0.0710305445685136,0.4640654910921609,0.1036330780632261,-231.3655074637713,29.505506716181277,63.20807571521104,1.8445694839338524,0.1925020319303464,0.2158464267391849,0.4894155789526804,0.3375180682154373,1.331867861567759,-95.05784590457804,39.87620051311593,150.50194953986886,0.7081173564752349,0.8249467199768187,0.3404455980115616,0.502036657475187,0.6786056899552791,0.2220360677404516
1.5,-393.2442182834999,77.75510491508892,154.4967000885906,0.073780176332549,0.0150463638153315,0.1037837460600706,0.0964853865581319,0.0897153034345618,0.1193811045227737,-177.0029023273431,76.74367412486858,2.445026863661126,0.2427293534748689,0.2949153660707007,0.1183771387458567,-0.0117296353061518,0.3473740512712939,0.1789597717438529,-230.4889079025776,29.55177918922685,65.25249950967492,1.9574215421046215,0.0892456173545965,0.0762743560639188,0.2496172258560889,0.468240515753712,1.231185150625259,-95.07475450939964,39.05859020109331,151.3758567353501,0.6037740559677787,0.5608873215645621,0.3475884661772751,0.221818946340791,2.2434305057604806,1.723195757797915
1.51,-393.0812400573973,77.75317663497773,154.80347683740408,0.1453784823206161,0.052236171690271,0.0766487128567292,0.1082068167195612,0.3170327370246122,-0.0116385672867314,-176.74840096456916,77.12125119820952,1.9500127254045136,0.3234093879430646,0.2378760689862559,0.1411263126910586,0.1804457182152611,0.0985300218346777,0.4956151306740113,-229.990858868762,29.43620629128378,67.49633516473618,1.934920102242952,0.1957642940751044,0.2157949886558282,0.4366109899204989,0.7705772009970789,0.4942876294269539,-95.44719865466573,38.73531983463683,152.63149400172247,0.6248256636714304,0.5072574139690693,0.6236595478752437,0.1006571574557394,0.0972214483013444,0.8080412693033902
1.52,-393.0588411152864,77.81819235144216,154.8726621205157,0.0334699773763807,0.0465621627016013,0.0621247970597459,0.0583468108848104,0.4065807009182646,0.0476213560252027,-176.62238106998464,77.4502194333782,1.4275177825815473,0.256584855888007,0.3232550983333641,0.1607573145477985,0.0152190781862127,0.1787098898177175,0.6733687230207099,-229.9323900640321,29.053146483624374,69.87424731871113,1.913515481617057,0.155786453043396,0.4981270593496386,0.8382145997403054,0.7459774855085004,0.1859161763835262,-95.75818946862552,38.36844296251861,153.9403718463922,0.7437515343266381,0.5256557143213128,0.2766377428372637,0.0869085425491153,0.696237817658752,0.1784513659196643
1.53,-392.8292459870305,77.74842998478152,155.61867050586724,0.1581665520483882,0.101345963991464,0.0394415569033108,0.2534498007833831,0.2315454319435362,0.1414835573577788,-176.6106566691549,77.79469623970813,1.0641591641149006,0.0414106532287087,0.3206425124147396,0.1178249518681772,0.3992004892322719,1.0757688029674712,0.4228879355547597,-229.56054489591463,28.761598416579726,72.05988142868927,1.9546130345528807,0.1469158872093512,0.2018253993022874,0.0610341700799828,0.8740052961188611,1.1252821831040531,-95.11334148146294,37.50781239318648,154.37299641597852,0.5752775103253135,0.5787981165395196,0.3783598350426449,0.0663793372915176,1.6729392486586785,1.066508845532014
1.54,-392.7435763183491,77.759543239236,155.1786703082165,0.1238586137461897,0.0587069660726704,0.0730537089066357,0.1148244869387118,0.0330403835762388,0.1953942483970729,-176.73804953885085,78.16798465436321,0.5513608689789777,0.0659625067015265,0.2510686487285097,0.1127241332589887,0.0052576860468548,1.0383400106455825,0.2494371578821012,-228.70655458263,28.80608440440121,74.03383264282782,1.7732689599801,0.0977763207461566,0.3005853210908327,0.2968878843820691,0.6364778911439711,0.7250842332838484,-94.5144478973802,36.63749907870066,154.7938391793781,0.4107900904389551,0.6393281627820909,0.486660081041315,0.0187058265035398,2.677355892006089,1.9246720631786176
1.55,-392.6800384095159,77.70021121372208,155.36228492346942,0.1050719616472947,0.1130245206819002,0.0668669070583306,0.035161178104157,0.051492476223203,0.1759237394832563,-176.7407152788739,78.36359407103248,0.3698084291104181,0.1407562923713231,0.1477134469278649,0.1125606192442846,0.3602347184032746,0.090720605376069,1.5570991553762084,-227.8706628274928,28.8614115171124,76.011845008147,1.6538739859984293,0.0638292756141099,0.4030121439526518,0.5091227970986482,0.3919267186174847,0.3862243929568689,-94.68286180954908,36.25100876558774,155.4098930635204,0.2414676921040288,0.3871694481374034,0.516372412318081,0.8191067730899733,0.92027466640862,1.154814598587237
1.56,-392.622499798217,77.56080544042055,155.802889826689,0.0456630413385976,0.1046374367044781,0.0538307532165876,0.1359112320573704,0.091192189915633,0.1079566569501283,-176.7183081357685,78.63211548165022,0.1813182795520377,0.0871169494951283,0.2831150868924798,0.1205552308780804,0.2412656353500251,0.7377656430484762,1.0683189237681607,-226.70229453412853,29.361766634011587,77.7004298910453,1.5832387475951692,-0.0016867959198979,0.4194581141389478,0.0388210026177982,0.5050268879867669,0.6847144128719912,-95.29540260664449,36.0672354744691,156.31274541547066,0.4057082311915388,0.3937534381415257,0.4235087777432769,0.7654585864744562,0.2197081385141159,0.5315340240935317
1.57,-392.5518170959918,77.56134214298966,156.38473646701462,0.0566792359726828,0.0106649109718336,0.0674295961129593,0.2481411464338289,0.2072653089242827,0.3263415969476133,-176.72481055121204,79.0724527052907,-0.7572520606736353,0.1334277206129218,0.3913898643624471,0.1470950916364337,0.2295411152320394,0.2358606809181685,0.7407194945618717,-226.08516445234264,29.48308768253201,79.49473019451426,1.6510752289270068,0.0650730586597261,0.0548852014026203,0.0454241868433515,0.9974369156213726,1.209286483332787,-95.04758624334326,35.510706423141094,156.75598445806713,0.2762416321615828,0.5625431237531583,0.7828793347161155,0.4240473510396349,0.7482453145595023,0.4499540288518932
1.58,-392.6162389603895,77.55928415330419,156.12816516562722,0.1011184061040953,0.0346122308467076,0.028186399718237,0.2210426510172662,0.0714691064695865,0.0484828443993386,-176.92407228247976,79.37494254660905,-1.0186555152062091,-0.0006155433880779,0.1929240884906391,0.1012775235074655,0.5965899680525079,0.9194842130366524,0.0137839590475476,-225.35293123480164,29.572949707077345,81.30898742026531,1.5770163432136906,0.1151129980602044,0.028576569703517,2.145019531805702,0.0174861527855554,1.8736563013918697,-94.19957593051588,34.7706338961629,156.57404046738057,0.0246730673514234,0.2244331627831688,0.3831442841620653,0.0375975193574581,2.143955562406908,0.9320991597130568
1.59,-392.44768865704685,77.56415759251827,156.30949608403313,0.0806324865615644,-0.0001292653726667,0.0261728675867224,0.1218803917342534,0.273895922311157,0.4006333435575064,-176.97809013674237,79.51092162487419,-0.7677165640217936,0.0395996184409044,0.1619209477133592,0.1016301696483178,0.3290104251895371,0.8237319451252204,0.0066938943344067,-224.66979947083453,29.817345435642306,83.18069058302086,1.6050824034733868,0.1971915912631251,0.2492640282587788,1.7479550344230563,0.4522452701408913,2.365836760472474,-95.0428956568064,34.61337494043918,156.4654562891371,0.179286632700565,0.0622143732210525,0.2809517179600029,0.3372003936708418,0.4441569930160498,0.9444463805801964
1.6,-392.36449645650686,77.55856995811386,156.54513920813142,0.014419228492316,0.034818725616983,0.0020348372499376,0.1757608055171398,0.572921944254455,0.4561624785843,-177.0605625252672,79.64342422731383,-0.512489214250001,0.0907915202777689,0.1324196125406491,0.0991675861952013,0.0339121605215154,0.7247181088616683,-0.0017318907947766,-223.80634017610504,30.306345973358532,84.98236289288032,1.435186768535335,0.3812819108140264,0.4783493311674713,0.2071794458450467,1.6983574206924574,0.6278011504969263,-96.1215942813398,34.81226150472797,156.67328250036175,0.3124183907724104,0.0465802020957566,0.5404751057989725,0.9927689814903864,0.0682740546517167,1.2080164084094411
1.61,-392.3567519173226,77.51257438431621,156.43314430260455,0.006692106857321,-0.0006043386541411,0.05376009690346,0.0736308565733871,0.6839399669109698,0.2166916643788958,-177.05633162803275,79.93253521160258,-1.0115445782810213,0.1550940601647907,0.2685635550282516,0.1109308054759988,0.3469396381104246,0.1444356077155174,0.8262395775587781,-222.561363882796,30.987382398045543,86.49378839755045,1.2968273198562277,0.0748692216765959,0.6320902672185407,0.219461194511291,2.2000419414728096,1.1753039398995964,-96.70446395266627,34.86510552881938,156.70174278927897,0.2254074302704675,-0.0198349834714445,0.2176459541598419,0.8980099110776851,0.1623128144041478,1.2085777290708215
1.62,-392.16584379416656,77.56017386786574,156.94570259116276,0.0655293397094765,0.0610114347531871,0.1815341358384429,0.0115292982967754,0.3609721318490771,0.3626006791994464,-177.01282116271258,80.08615782474531,-0.8266335382568523,0.1036993766610252,0.1214121515741351,0.094164555546266,0.2901537918460008,0.2217038348999014,0.6138303692388367,-221.69500474443225,31.75947107040657,87.94420294839621,1.2278591305447224,0.2522731808644131,0.6980271011715954,0.2232451919516906,0.0333462011352059,1.2198281553577883,-97.6274456273636,35.06557293456658,156.38262224256334,0.1682929657716596,0.2073358117165063,0.0788602137682452,0.1564888110364259,0.3087743171681207,0.4085390134873006
1.63,-392.1548408791214,77.5550739149056,156.86877752596598,0.0410066123886631,0.0108142315187702,0.1143951761259747,0.1857037362020967,-0.0003471666036475,0.4208541400487238,-176.9685192990317,80.18888455341268,-0.6398142726006981,0.0270775530688011,-0.0040969495113172,0.0394312579308714,0.2328500233219005,0.2948728706508712,0.3928186535519036,-220.49961974791117,32.51522388436889,89.56648109475638,1.3212532321231325,0.2435473771473368,0.6797358987508479,0.1881352790396188,0.5062573901393708,0.9358603589070756,-97.68830333068374,35.322704104338776,155.92833004564065,0.6358421536841816,0.0918267463864604,0.2643154843069953,0.458870401704731,0.6781126128662462,0.7222122884148968
1.64,-391.9846811765617,77.56840836191495,157.1107775972819,0.0499533644820756,0.0471920402651898,0.0097194374099319,0.0766516526124816,0.1488089286297399,0.4770287726850835,-176.99459225331847,80.26567569581184,-0.9461097698288542,-0.0014291399195833,0.1310506634677212,0.0192693108434338,0.5362086753705638,0.3802208562625042,0.4923031382021957,-219.41688203950028,33.38465555988721,91.18430814945322,1.3080150185077997,0.3072102885082195,0.7779840017341255,1.0941189293606397,0.1773388417698801,0.9434464452375512,-99.1358054428297,35.445216674879894,155.38105781875976,0.7831252578837515,0.0324519300259496,0.3926646018800596,2.560539104410798,0.3716806998336898,1.780069608323698
1.65,-391.9202657686062,77.56796835124118,157.60299069788226,0.195281142699011,0.0730003294422298,0.1319678128758442,0.0889169422096965,0.1712935356245356,0.3595455490973634,-177.0380787421459,80.44466237104243,-1.385674707485165,0.0931570580211964,0.1641721772243401,0.0767276500873643,0.5834278673340163,0.5802043658677398,0.6048885456674936,-217.7643051459943,34.43863880949211,92.68585610748592,1.1925265078906977,0.0729786243225197,1.0743474324190194,1.74256943166295,2.136016361750114,0.4574524645357044,-99.80360086954671,35.48509319392752,154.63246409720287,0.7538783129798486,0.0278744055248035,0.1489378422029147,2.655839324866537,1.2118154683011626,2.1460417853627014
1.66,-391.6259438013461,77.48221248830691,158.2493812035081,0.0772094881887886,0.0167437847263633,0.0203096884014895,0.2573759803828163,0.1390498526134646,0.2591801412320094,-176.9245164243105,80.54332165626138,-1.0779835166534113,0.249509462128521,0.0137467106669936,0.1070150814367073,0.0113344375306581,0.7866021141744226,0.4688825394637267,-216.17550932275412,35.18578206153449,93.9451211188451,1.105295743477369,0.0364278463852066,0.6317269808804603,1.3651179166176943,3.36932085465085,0.7627835926664839,-100.11839980451364,35.627343041219866,153.9330679257807,0.574577303087108,0.20044672545327,0.0228400461976799,0.9395979976144024,0.3349054501283289,1.94683867749342
1.67,-391.4391292260577,77.50266539928212,158.53840017920078,0.0322930903585185,0.017965869115283,0.062561677549873,0.4821799799010731,0.3658370593687182,0.7120326077544832,-176.74306995466526,80.51484197990872,-0.5127683071610646,0.1583437513970225,0.1121414414426477,0.0635560051571329,0.2666545747519535,0.0003004419469303,0.5113990430862553,-215.9281894481295,35.4416264529673,94.50805742088052,1.0388484444019086,0.1331452490025802,0.3182109172740729,0.9886398369365652,0.8343797445224317,0.0866799967893005,-101.06723200282768,35.99658754983344,153.24924963285784,0.5551722534484524,0.2986806535030104,0.0959273533571722,1.0467813753494648,2.114767047751684,0.8556192865422341
1.68,-391.370094535382,77.43553337145323,158.5620997147838,0.0713159340344097,0.0629890597632117,0.0346163131118165,0.3088424219471856,0.3086210290691232,0.7802560147398102,-176.70993516584147,80.47525149408527,-0.4828089263958942,0.1068598635331497,0.0695876778445115,0.0465202908395438,0.2271892932627609,0.3083749290355441,0.4196822678789799,-215.49465987241825,35.569536139052865,95.1288533099725,1.0172548843048803,0.1133301262811482,0.364676391058812,0.9545969100636612,1.266249975226222,0.1708995854805862,-101.24680671781029,36.09030401729015,152.85172615564736,0.8004622438785254,0.1803153814977856,0.1105726864709261,1.424846895523221,1.3662252254087035,0.6337472457691615
1.69,-391.371521679462,77.36404542493695,158.5591824030927,0.1289988542144896,0.0738093332818284,0.0275250591810216,0.1528004841570502,0.2727948322436151,0.8462961170848193,-176.609181724343,80.44316097753175,-0.4577920105600965,0.0214547534992316,0.044688479538058,0.0216067093923547,0.1197488381040767,0.6063875873595729,0.3094914198645187,-215.0632211595648,35.755404032436466,95.74076313926312,1.016200341739833,0.104413400120704,0.4348350469870471,0.9620962443108566,1.704880616983842,0.2527416836207519,-101.43143837335955,36.18538850930309,152.42247366733173,1.0421279049789427,0.0721662828609956,0.1190417720262298,1.788982049949022,0.6569021069387827,0.4292457695765979
1.7,-391.3678340645253,77.31294387767048,158.62734334589192,-0.0089503342783748,0.0244655094155057,0.0403582620004235,0.147575974432407,0.2993652391684908,0.6732587832386632,-176.62269877491607,80.43834126633986,-0.5738715641807514,0.0451671223822238,0.0135251849885604,0.0152032168452467,0.4709459492586981,0.213256103541342,0.400169130709828,-213.73736432589823,36.435991698393934,96.87746007849915,0.9246914988157235,0.0168885595241365,0.8147121254868493,0.1504529137505601,2.7246691236382143,1.4350691091738352,-102.71091795281616,36.31883490301555,151.37926165751918,1.0230322020323823,0.0816954793653015,0.1393932599604801,2.3259408148506706,1.4283113121717612,1.3949708335579312
1.71,-391.4287721049829,77.30226026046782,158.32355275287662,-0.0056772275676362,0.0328556889391108,0.0996522447924395,0.2615834523511524,0.0635274414408318,0.2958033565781959,-176.58723265929254,80.24152808510529,-0.294489460276805,0.0433546287006676,0.145792206807127,0.0668330530893315,0.2578955363473538,0.2700553258298335,0.4379332877825567,-212.37142615641537,37.56059601930764,97.80942395379374,0.7792220103580018,0.0255964592869119,0.3521204583315727,-0.0174082083041347,3.635344033593241,1.5566209149588548,-102.98905601536566,36.62747651864196,150.5063356275018,0.6688809818420688,0.4565686562987825,0.026434389365079,0.5770584369198108,0.5729479442652103,2.0625266298325498
1.72,-391.4277498385055,77.24191863332922,158.48952990246497,0.1124101513168652,0.1005827803023956,-0.0062696386247533,0.1561342060454146,0.0244540068171924,0.0034292564476322,-176.55912280763297,80.07307383789254,-0.0032898801461418,0.0464186750156602,0.2558797240171227,0.1170271175872569,0.0452442625014912,0.3040088961747163,0.4921737274378541,-211.6239418600815,37.75896007312622,98.69820327922852,0.707489968528012,0.0645246562887151,0.0884114318218471,0.7022576781583338,1.1465635946826114,0.8330486580113825,-103.17687656049516,37.05445441315289,149.63755532563195,0.738772275165639,0.4535783899294893,0.0784201623176502,0.5083180195007597,1.3577432487041758,1.13231356062031
1.73,-391.2656319564388,77.1298437008954,158.96665802212596,0.1851978434268512,0.0741598518472617,0.0098518618157422,0.1692387378346299,0.0622113096080021,0.0762113739346715,-176.41801907041696,79.67614171980296,0.4833246060140017,0.1025379392321088,0.1635632716330403,0.0875732184568532,0.128620827505244,0.1049074372302019,0.3374011173709446,-211.1971644048803,37.94804453076959,99.4992324060668,0.6687426018517604,0.0381107481113111,0.2740630765465834,1.0286377511302736,1.4265039700756776,0.1619548242952831,-104.29527552731992,37.51179938649137,148.68339913826514,0.8867225510826563,0.2520846842954098,0.1372516998562372,1.1972606868655953,0.5981593760854879,0.4005265987741949
1.74,-391.114598514121,77.07700137866871,159.44856431936913,0.2563952340507053,0.0422544487595817,0.0458215400784562,0.2157412306039561,0.1004219358401486,0.1420324540874571,-176.39876213538545,79.49490536346553,0.6938797235561186,0.0803561450843739,0.2593636867587059,0.1038724753546492,0.1673489661899807,0.0865532072262915,0.4117220508599212,-210.07347815348496,38.50299253071003,100.19803708260234,0.5925136198026592,0.2556356316597539,0.6234016433181194,0.509161399327545,0.1622245090713188,0.1458019519112158,-104.43252663389416,37.56386926605468,147.5684933667341,0.7533239451828289,0.2140656878385098,0.1402192729706198,0.7375406962562022,2.842066670986342,0.1290812074875603
1.75,-391.0090436727016,76.99179015987885,159.87140874254072,0.0944342983781482,0.0333294255198989,0.0138691011566438,-0.0010667034573487,0.0480826290926745,0.2711507907792282,-176.37259096179858,79.32095771303464,0.8779536139445491,0.0383176197274801,0.3157192195390749,0.1236590104841062,0.245839766818977,0.0418095958359236,0.4522999563796441,-208.62385986807425,39.25295142993914,100.68354791526215,0.5371688998621076,0.2618743083865848,0.6573623023842949,0.2427119638957861,1.0525131813258342,1.1974953927478549,-104.426473045963,37.803187658941454,146.5542819730433,0.7278554673191198,0.3885912533385607,0.0356216336920986,0.493472881767111,2.482916546573801,0.2669236278374518
1.76,-390.9981088240937,76.8521451689912,159.74417165073316,0.0014675074548452,0.0707643036080083,0.0308408443114508,0.0515798774368344,0.0549768010144392,0.3081199052182184,-176.29525558724245,78.92744100197719,1.4195417745669667,0.0782061927812335,0.2539134977479185,0.1099256641994462,0.0578285550306019,0.2683453426683194,0.047151951814152,-207.6461322261483,39.78370178106341,101.18456229602585,0.543171650267282,0.1441037888954821,0.4260849675874108,0.2191813301339207,0.6939475099146871,0.9099141555277588,-104.82537904177164,38.55491794382717,145.88226847494948,0.671073376937196,0.6138512961831433,0.4871254411253002,0.9686568759254822,1.5828637132743035,1.6943223165095576
1.77,-391.05261403641634,76.76405056557941,159.87143673760704,0.05711351252194,0.1691781519548734,0.0666291280700732,0.1803938958930584,0.0647917219123397,0.0377550067622044,-176.24195644670152,78.69301273551284,1.7399669690387325,0.125715348156093,0.2123818037961138,0.0959028460287944,0.252028203833365,0.2295271352711884,0.0703971827659059,-206.674201236868,40.30453806291569,101.68473232935229,0.5491354796477795,0.0226831351500927,0.2076349033708967,0.1716843351824318,0.3415473224993861,0.6444254280189678,-105.06417038692112,39.37627102930735,145.31183573056114,0.6234784327619841,0.5150899699701867,0.3324918406498712,0.5568442481494562,1.8440094528195967,1.7493832298813667
1.78,-391.1209831700749,76.58134317903459,159.73732023759288,0.1873058812735255,0.167746146031259,0.0124905787088485,0.1386430867424377,0.2951272756945694,0.0445902318960498,-176.3788500667845,78.44024584622804,2.113735662645429,0.1769478340505091,0.2760287286376988,0.0794614669827144,0.0159924002511964,0.5191826507873597,0.0362192872232919,-206.50313684551725,40.3059943030959,102.3914971401042,0.542146022025307,0.0555334233492371,0.068524496354049,0.6913671803154866,0.6946450563957276,0.0536201579472834,-106.7420574734346,39.555926147770826,144.19003398307504,0.6870153317935528,0.311370864000615,0.3620686844203482,0.4026251594896953,2.6473990615241068,0.4611789830840778
1.79,-391.3717917873231,76.41630517120761,159.5661807757536,0.1175843286738488,0.0860863908598725,0.0966656155507942,0.2420242293182748,0.4892737808298182,0.2064653432181329,-176.4316866129046,78.12315365874245,2.68914536180794,0.1776508878473515,0.3045596795272071,0.0635717771580388,0.2117800180409789,0.7818274244770326,0.0589364400956473,-205.43480753707303,40.880467559414924,102.80020687492376,0.4155334279691892,0.2055012970224721,0.5707847027874068,0.2380705143193275,0.1278101965794193,1.1286094645283564,-107.87216386377509,39.82339019775639,143.23777696704565,0.6311473377182978,0.3777518938213334,0.0780821085248636,1.2789202717670185,1.6385968488367135,0.5679887228425181
1.8,-391.51891888825946,76.36216047474367,159.68437470650915,0.0908327369746562,0.1252623791845435,0.0406880174962345,0.1421140745269062,0.6312323571973216,0.0869914552197925,-176.6287182187294,77.78638181774942,3.4385840598313204,0.2200546306193733,0.2407239493055246,0.0670137661527242,0.299933581287212,0.1844486131085166,0.3345807215661316,-204.00678702163168,41.75012983975214,103.18248802873644,0.3966924805150533,0.2165079986566301,0.7750310320677003,0.9255606724643726,0.0282387537780306,1.8370161244778245,-108.19298185570185,40.54521488523667,142.8109668934186,0.6018993015261436,0.4816053912939125,0.7135084856217626,1.036875908542438,0.2135249356871969,1.14975875997658
1.81,-391.8154538928188,76.24847199456384,159.44177244558466,0.1806102994043761,0.0692814733971917,0.0862907339211236,0.0600397346958869,0.5268993986235412,0.158015559085799,-176.7717043628313,77.60412333444877,4.075584632238616,0.1386372690319527,0.2241226369862564,0.0730192704759874,0.178976555778384,0.5506063763516675,0.2756119183891915,-203.07968515058832,42.30802346970735,103.62689643777072,0.4503095154302702,0.1203889449976631,0.4586505172133531,0.2445745240511186,0.4747574357385591,1.302813822094629,-108.41403636871276,41.17513990718826,142.37786745940642,0.5815227959614467,0.3405332764674951,0.2589709531597616,0.1773993340546957,0.5124949167134941,1.2903222272100048
1.82,-392.12107668889576,76.12035553262257,159.3145743723556,0.1929565258897241,0.0939626095638513,0.0037539360745849,0.0022164544192075,0.0342564689992235,0.5746660134521505,-176.92396077117905,77.38601617763868,4.740896060317056,0.0951583404507452,0.2597653469124018,0.0731853563250448,0.1043930145907166,0.9021337790894652,0.1959191774442181,-202.12886079298184,42.79189749561055,104.07168820688013,0.3907373921111641,0.156136941828891,0.4199965712431333,0.4094758916745123,0.1082036788916696,0.4369133266424454,-109.19155668512688,41.426778015348326,141.68034148052462,0.4861667395299417,0.2417447488909613,0.049434606477579,0.5141077573169589,0.8159449732040462,0.3257671805051518
1.83,-392.4939375244528,76.03151162605644,159.27437634036167,0.2549135675429393,0.0690000524907114,0.0372942053920766,0.0103139296291264,0.0383956931068216,0.3823681963917902,-177.1328413618885,77.12951872498894,5.852745290214364,0.2522872788859921,0.3493630816152667,0.0411659697672137,0.7521876039883629,0.2720207523793449,0.6423941005656272,-201.3101518659675,43.23295104792135,104.45488292640069,0.390284422710257,0.1216150430885117,0.4159165608833638,0.151786260692879,0.6319344436635022,1.059456181910697,-110.4977061648923,41.61891914273475,140.9311157122849,0.452241697937516,0.3250575412682404,0.0290593384754262,0.3472192564828838,2.809403819416401,0.4329502128947491
1.84,-392.85027158738137,75.93565759638497,159.25298355561387,0.3184038162619568,0.0469644211402874,0.0829548047802328,0.0127897364712378,0.0500648726305181,0.1816053912798835,-177.43591989024813,76.97186993462253,6.630456223074245,0.2077774373636042,0.2370979563297144,0.031378194574622,0.5878824590700983,0.2966240064208691,0.4990601128731492,-200.41721477673929,43.71945001639981,104.8601617201479,0.4233216711598977,0.0866223255726116,0.3559922461700314,0.6068692768106853,1.1556762986649662,0.8005430267580087,-110.31106490092256,42.31556254997439,140.63206459924743,0.4820276058054594,0.3646083660845765,0.6451792555328146,0.2326060895096994,0.1391453946114904,1.1254765461241512
1.85,-393.1637993737545,75.81622353159392,159.25447399239877,0.2716754085360885,0.0883256552075649,0.0516728463838045,0.3869006278329188,0.3018271623150099,0.052893751634137,-177.74075002699607,76.80918332239574,7.431467117177559,0.1469055250668424,0.0960568901480679,0.0166283986198653,0.4203991185753684,0.3251053696606563,0.3206908589081003,-199.44390751137385,44.12684908378219,105.36293484393455,0.476509701336517,0.1515434966383483,0.3869542650532632,-0.0063810259895162,1.1879793498533209,0.644817125744546,-110.79066248280344,42.56651917021005,140.33692059726337,0.3887296180178578,0.2516414559044895,0.4894861392116776,0.446876059927941,0.4794830064047984,0.8656048345930585
1.86,-393.5870500167089,75.56731646440589,159.13437329965532,0.2734022832577167,0.0611796298143397,0.0828709985809095,0.2836857894018803,0.4632167861238783,0.3682596562676963,-177.92115604274528,76.69911702921759,8.128234638186528,0.1699496581788211,0.3046228845964038,0.0704162026682378,0.1613386836922583,0.0984797477623267,0.2736138426848772,-199.16848157317867,44.31411214509921,105.5622482801656,0.4083384559894073,0.1916928941088759,0.4507449727731119,1.366224522312844,0.691424241413988,0.939018717569705,-111.28680382537829,42.80868221544762,140.05894877953284,0.3341045663022819,0.0983792775752272,0.3227051110410495,0.6568451835975442,0.8115002963948044,0.6097022906613467
1.87,-394.00265254842407,75.36479288995821,159.06277998728044,0.2387334132369881,0.0032335599324913,0.1193725787254884,0.2016249203937839,0.6368514787228079,0.7139273512592103,-178.24445776037274,76.42142586130686,9.185697079534387,0.2689734480671706,0.2411230369803037,0.1110272078592682,0.3332034068220215,0.7352629437796063,0.0674260731619484,-198.1127446509035,44.82412532877263,105.94001348196016,0.3965202728273843,0.2905199135839996,0.2264614204683841,0.847476095072424,1.1060247642572691,0.4937300398485353,-112.0704823704192,42.68833735619703,139.37481783358538,0.2472141009662643,0.1086177236609421,0.2062479378543942,0.1803224030116317,0.4765008018241794,0.5617621888365812
1.88,-394.3250509478335,75.30021764163979,158.55821695377506,0.1957148828783686,0.2493391554841309,0.0005354335884741,0.1150122815273426,0.554495926912676,0.7113277333350599,-178.67595355562372,76.30568948556189,10.302250233210096,0.1711658052982158,0.1361669818505794,0.1318173527856601,0.045671244795407,0.4268778067281182,0.6181224353749598,-197.38475701926097,45.04372560913914,106.10324452028904,0.3953851165325351,0.2713417614226607,0.0550637871534383,0.1455854041160837,0.1532153001330623,0.7662844948291603,-112.8290779258743,42.75974670391238,138.8804276449371,0.393689298068694,0.0880390081616692,0.2033395553580654,0.2812250973078261,0.8002229292468885,0.5525785622383383
1.89,-394.4511263129482,75.16787077359618,158.56717064174123,0.173157556519937,0.201355146760606,0.0353673517584588,0.159897476370682,0.4319153289718689,0.6011922473321474,-178.8364792989583,76.24832266532673,10.830928335462389,0.1453122790260888,0.1828954272944729,0.1439860258452995,0.3827657819267793,0.5100071616177021,0.4476368474687862,-197.0560123702567,45.12012666897071,106.22687506720968,0.3945604221101041,0.2382433304031311,0.1044366873370777,0.2054168860883299,0.1170889664279563,0.8485291908104542,-113.22278024932538,42.77443621643518,138.62611055522214,0.4686009758533497,0.0515703773362077,0.1948102993875821,0.3228018483726385,0.9348392373040812,0.5076871601618119
1.9,-394.6183448904802,75.07323876919617,158.5469321732483,0.1517592298775535,0.1482691888196843,0.0837203505690163,0.2288870527042887,0.3374372076371765,0.5210943153758628,-178.95845967604242,76.1759926621299,11.38609012087864,0.1585778316223218,0.2576667002883605,0.1570832188652597,0.7297705666299513,0.6245873988239959,0.3157303580203487,-196.7649632926349,45.226480549691374,106.33572234636748,0.3675200981551048,0.2174957300383632,0.163343735357635,0.247847085369847,0.0880258211514981,0.962401529579467,-113.61301666141988,42.82116718055227,138.37689963426016,0.5508216209312474,0.0524797979877804,0.1928283401686809,0.3681045265459826,1.0705606660389249,0.5064990597032678
1.91,-394.6889924460471,74.98693090214809,158.62405418584532,0.087488374701367,0.0721362177871637,0.0589338348455459,0.3428187481857076,0.1322468150074041,0.0188432412240282,-179.19505130035122,75.98704986527336,12.374398388174022,0.0343500275826148,0.1106464599868693,0.1533072666054826,0.3277051989107759,0.0489516213389335,0.3155020034012676,-196.18038719743893,45.37060829907771,106.55759636941548,0.3410450096634363,0.1881916754177067,0.2420921576127522,0.334226070770035,0.009262602813604,1.1351295531263013,-114.26321700185368,43.04016279240284,137.93684395951706,0.5820269741693435,0.2300377346323191,0.3126801502263172,0.2275514873831605,2.565298976922845,1.6813541075729228
1.92,-394.8715331290016,74.86961730607453,158.70878694203114,0.1041516735415176,0.169404595031119,0.0129422792864053,0.5079860426438232,0.0058218400839835,0.010900107879639,-179.41486231511985,75.98596627859405,13.182896774621936,0.0739300372515889,0.1067088950206612,0.106814326058193,0.5587727256489976,0.1733345237079089,0.0497403812266308,-195.5637942671856,45.739605775970354,106.81123070513227,0.3427954329664603,0.1188570539809091,0.3103125532198608,0.4565807657846412,0.5599054646127956,1.3826846906971213,-115.2572453750912,43.40315182746736,137.31888117806233,0.5260561529171074,0.2424505054974572,0.0976931617627833,0.744216188114098,0.4073662028516694,2.5275342366160496
1.93,-395.2432987876167,74.74897151910471,157.8647237186816,0.0889605418747414,0.0894322010950212,0.212582328703642,0.3246013160653747,0.2613706895891072,0.1615068851621292,-179.6244694383882,75.98750117358763,13.730607097360744,0.0539592395456019,0.0438010482529204,0.0891443742056752,0.2452981255967175,0.6603185458501424,0.1068726957664845,-194.81012038537355,46.14235832984342,107.145912983682,0.1501169437570011,0.0913245421893029,0.2895162558986779,0.1554889061918816,0.6852200161934009,0.7620702361541541,-116.0080365282138,43.54804687519856,136.55561948263124,0.5411123364971758,0.1584485211842331,0.016562563580297,0.5203164042289203,0.5148450368721661,0.27219241041628
1.94,-395.3553031106763,74.74980678405042,157.48335114861345,0.1498271928247601,0.1421505604322556,0.0761207937032572,0.3468965077679877,0.4577352815660315,0.1002398992660436,-179.86254915090544,75.8137581799093,14.430249327283908,0.1357954223630035,0.1931704519069913,0.0412842719843782,0.0759426684634392,0.4935501264298461,0.6594855462451701,-194.31260310278367,46.57338295547891,107.19137349034712,0.0450064071606964,0.0770921588762691,0.3842706330153289,0.4290291045326387,0.2817927954872994,0.1420088688671488,-117.25708963705246,43.74046976797633,135.87061427550256,0.6101626185004357,0.161853878603255,0.1438193126915611,0.841244461646281,0.7495633533864965,0.569061328946625
1.95,-395.4929455818316,74.6884624064522,157.44969920841706,-0.01215771340924,0.0547381575620004,0.0109846303962666,0.3863596429529853,0.2904301245071355,0.1627763538321104,-180.02016932735808,75.61144066023448,14.969901482005453,0.1058527868439231,0.2082665067999266,0.0491895440165039,0.1485563975725911,0.5949965610829325,0.3770126892119317,-193.8182142035268,47.20362346146328,107.1854960902533,0.0482183463656199,0.1556989494151578,0.5788168690568906,1.672380469417979,0.472592019169833,0.0901006268309414,-118.16404903439428,43.75377992629892,135.38820323118867,0.2933950974494185,0.2253945985780618,0.1748420343981432,0.9774114672475032,1.5713649409731634,0.0579032479970302
1.96,-395.4899972448518,74.55109842888828,158.25542890264964,0.0911745611315299,0.242901048576789,0.0880111102272511,0.2764357260724947,0.062072635386657,0.3519089999943314,-180.1754373587104,75.36377583507637,15.503196688669114,0.0471783195413631,0.193563002330394,0.0436257963022482,0.2651482034519958,0.7263764823865123,0.0915086097937768,-193.29568352414063,47.398813509041,107.4910668744296,0.4334816880167375,0.1257889339716154,0.1308307579627136,0.6674152584625054,0.7819761298155216,0.5940531861066289,-119.11623491804862,43.4197143158186,134.99859702182297,0.1761690505961449,0.131937554238016,0.3092433510169415,0.2571885430181601,0.2171701938191083,0.8692734208568965
1.97,-395.4342319110151,74.42855002070063,158.6026438323611,0.045007513473319,0.1819770455159431,0.0449460851242556,0.4921397558968767,0.5205683342068977,0.1778284945818301,-179.9156724071751,75.18782582008369,15.993191996348315,0.2593061158177521,0.2566566601906112,0.138754769537465,0.2296788332507442,0.7677751412373263,1.0281442291629712,-193.1211245548599,47.316115171989466,107.74373537309955,0.3532247015751181,0.1741732169276223,0.0101173794993473,0.5006775789272327,0.5811103856751012,0.83125670848321,-120.04840023796666,43.10113810146041,134.5376393517407,0.1990546454238266,0.099666391196796,0.2620353493213837,1.0191898088947038,0.3828931484818463,0.4454741601272589
1.98,-395.37918838480726,74.30719560693275,158.93466051446083,0.0501334235133214,0.1360813774375678,0.0182341329088592,0.7202830976636229,0.9956585085317456,0.0151133576539855,-179.8128206919384,74.87477293891966,16.997292935895032,0.1586461180983764,0.3191018807752374,0.2064876358567121,0.1939760982465457,0.1380037105114959,0.3320093888406617,-192.84145585032596,47.09305518620528,107.97045319115624,0.3677204475046572,0.143035749489213,0.0420237336756223,0.8899801458365637,0.5938776689639343,0.5265730509480538,-121.01851171832378,42.75957984637005,134.06389760196691,0.2173144536472961,0.0497178718616962,0.2246548756932777,1.7684941381905368,0.5350163050926663,0.0948023055348984
1.99,-395.4789538134236,73.9515333482582,159.3123694564748,0.1101142872604546,0.4617294001741558,0.0451836688072634,0.6892303083493164,0.9277066673332104,0.2284618903100172,-179.8668603641908,74.7605576776071,17.739072555606217,0.058467873925439,0.1786794155511023,0.1305270869382517,0.3312148450535794,0.5347425341553336,0.4134244264721488,-192.5594344843442,46.86020209298457,108.1732315735817,0.3749680414269892,0.1143184147651524,0.0703763431764924,1.2938943359395885,0.6280655437771223,0.2326259979552853,-121.69130570286408,42.75034938282992,133.80869501304636,0.3669359648945599,0.0407131756439432,0.2256721041086097,0.7885791272415459,0.5890485316286128,1.3457322804593033
2.0,-395.6839269572362,73.55441014881043,159.63264117101534,0.0199612010314333,0.2517702061183009,0.0595162184367812,0.445838353647322,0.2548170177190162,0.494228884995079,-179.87422086934475,74.57169135284026,18.06761217489093,0.0361792779790452,0.1767331086883651,-0.0008048213886232,0.0231857136915163,0.3158435539435623,0.662560723852492,-192.18465441336824,47.25341828682739,108.51309961096486,0.2479117300849509,0.0351501178404123,0.3466994370204698,0.6087681548047883,0.5269482119524302,2.1117142060438785,-122.05152453754124,42.99281572682907,133.67797081260406,0.4393642847326565,0.0825111212006647,0.3711873719684629,0.4103929635125866,0.6648518669612942,1.2382418637466643
2.01,-395.55885031528527,73.55546602574661,159.75989073193895,0.1288805922770665,0.0082332304083491,0.1160133238921036,0.3543087742961414,0.353424344446803,0.072673776181147,-179.86565618086567,74.29302484028236,18.28902193077235,0.0653657896780321,0.2362934943173807,0.013536991902086,0.5534442740568757,0.5702807333550218,0.5298346350459551,-191.55467910701907,47.5717689822074,108.98586274619689,0.3422333977386298,0.0639355492854217,0.2916052196056541,0.5939912473821025,0.1400355660963246,1.0763805693685071,-122.81986244200644,42.95086296816769,133.38309214611132,0.382058794315174,0.0987708168244573,0.0347327163836198,1.4426786914159506,0.721365764802407,0.8119420315400854
2.02,-395.360326196876,73.37322162040192,159.9900979510887,0.1585669983362546,0.3038097342162736,0.0968202852606846,0.0712032774983266,0.0929718027497834,0.2563374006380816,-179.8742909096377,74.05138960529969,18.757503474670383,0.0338411586780723,0.2377945505901992,0.0958773210442596,0.1666030789215936,0.2865719590465814,0.5379022056725388,-191.1806899841812,47.80924561192574,109.562982534009,0.3852344064565141,0.0541378516651669,0.2226556967634471,1.337563681825137,1.5609245924248445,0.0857107155650767,-124.007600835872,42.61189795935112,132.93006834635938,0.2613473974092601,0.1484777063829989,0.294762179896529,1.3620466214599092,0.8841669759187664,0.948390408794412
2.03,-395.3272303957816,73.05265441325514,160.3692902902591,0.1102873273573951,0.2453109439700024,0.0704801881931906,0.3072359991919722,0.4376231463111769,0.0445956329325471,-179.8736487416438,73.94507193835173,19.00081500134012,0.0725825048073991,0.218820605778656,0.0787998212781496,0.4659846479698811,0.3783120140005266,0.7418551967016894,-190.68480340506105,48.00552237174455,110.0025684032245,0.2801297174626763,0.0164558747362418,0.1479645074397611,0.895282515432542,0.8167301443019241,0.6513859582410002,-124.7964195233509,42.4607099925852,132.62518294414187,0.2693587818695722,0.1051715099753849,0.1273568769721789,0.1900010198507908,0.2635175338634688,0.8555772634941404
2.04,-395.4306936143463,72.74967385245928,160.45167503316918,-0.0047098012091439,0.2476188372844918,0.0291059937631766,0.9413203743335812,0.015293712794567,0.3717074259023517,-179.7993246876656,73.74972469322175,19.434721210682472,0.1529857977762106,0.2020306321846428,0.0826987633598749,0.2923231009915092,0.0899498257972944,0.1692743514187225,-190.2955737879346,48.05199216925914,110.1917810014462,0.2304681422616755,0.0710162255552717,0.0426500015999273,0.91828428870458,0.270118782342129,0.3812365167411051,-125.93684353450696,42.22440333245975,132.30665099760623,0.3694413611337901,0.2110420248672029,0.0254833114624322,0.2117120281521642,0.6976747162212097,0.7515272078344141
2.05,-395.5196756599109,72.69791967233513,160.3452893673145,0.032959160733585,0.2181225675347506,0.0356794802011815,0.6274719478378051,0.0995914289901522,0.2131562166395949,-179.73430543534545,73.54125128737891,19.797117368936103,0.0851429204895751,0.1648974125896244,0.0599224204203571,0.2062019266174492,0.1700190608492096,0.4674581162944511,-190.26732772850488,48.12081648074203,110.333148719877,0.2008041406710075,0.1123328330988705,0.0240911148649826,0.0414426535182118,0.823898807647962,0.8511655770116544,-126.4974420173887,42.1273391718112,132.13752305839034,0.4252309086335071,0.2314862126420606,0.1291459003552714,0.0781782743324554,0.0054339096733776,0.6757470697667778
2.06,-395.5694668962268,72.60805756154,160.24139105353393,0.0641141487568492,0.1800716127353706,0.0483683047815575,0.3143389154687421,0.1444850824963728,0.0963331923839704,-179.6680922824549,73.37114642445154,20.17991154179924,0.0124379564215611,0.1705127934782893,0.0223147017690598,0.1130237592663071,0.2373157296835453,0.7573896946905841,-190.06757693266456,48.005175811402296,110.42394385063984,0.2508091128009849,0.0634538559361215,0.1628638162554826,0.6916811734397367,0.3432892288626622,0.3992590532015941,-127.5485863498974,41.81095640426613,131.6635756595216,0.1939356415266777,0.118025087429161,0.2812897792776873,0.1966351207403939,0.1588108645607118,0.412755216210993
2.07,-395.5506580791881,72.4393700490214,160.30272663279922,0.1112607349685691,0.0938804550100294,0.076846721091054,0.2973495715543512,0.2433015630015449,0.1396564574284577,-179.6663497366213,73.17967718287157,20.432748583503383,0.0673985956742356,0.1970628407306645,0.0353756347765083,0.278037323380036,0.3663798628134754,0.5835370653432904,-190.2545856492085,47.86999261380196,110.4948375956625,0.1225653674835786,0.0236076454944243,0.1724317653411837,0.2404453576073288,0.5430226120060618,0.1021448012327383,-128.05405662179436,41.58855631097788,131.44782078348237,0.1193430703884567,0.0650477771896762,0.2108813293570863,0.5028612473683589,0.791414925342717,0.9553202551023882
2.08,-395.3713849857072,72.12276832026528,160.73330837316993,0.1440351973322104,0.3230996706760037,0.1036144509782769,0.5580703483885857,0.5271738933422185,0.1505005677166944,-179.55566347692948,72.99367814874131,20.61316719553766,0.2181278219375467,0.0687183482985991,0.1021418320035984,0.1563445366226542,0.4234141287815848,0.6141216331546687,-190.09437814519163,47.912773442740296,110.52794734159248,0.1314566601781141,0.0488270535782711,0.106277106483883,0.1269234759313957,0.586055852002152,1.1304403423325973,-128.58343232382322,41.34602408695421,131.19595532767866,0.0808846888497054,0.06174578198904,0.1177966523429293,0.7995222883046696,1.430638027501584,1.4697355036319149
2.09,-395.3712252693972,71.79189357785552,161.00482179925396,0.1410267555973191,0.3476228323786143,0.0637003117823625,0.4167333896512875,0.5049955581854872,0.3046391990037934,-179.28115286465112,72.98759927502724,20.801351124321823,0.1918204318729195,0.0848169527260411,0.1231416665017461,0.3225161278330046,0.0969802891777747,0.4175471693646,-189.91220884479296,47.92974781968988,110.54958084308927,0.0895081832074272,0.0894138835749075,0.0460373411320041,0.0559327843911474,0.6020596753429703,2.1784654355546804,-128.6873700477948,41.4414676609464,131.20435594622683,0.1770539906866983,0.0595595397246304,0.1392962999164046,0.974028618017262,0.2040789599528023,0.433904686595595
2.1,-395.34749964858673,71.75707029662829,161.0252783561049,0.1367834364217131,0.1746648856174748,0.0362291591627892,0.5773718234944916,0.4301727925666414,0.4196292120914978,-179.2526724883634,72.94403231846611,20.95033686456644,0.1395627827746429,0.0867098193246409,0.1015830957340485,0.2802999630963809,0.3590923466008923,0.2628120438546848,-189.9493302868911,48.03480590354734,110.59348422943027,0.0717634376562333,0.0760476087822628,0.0721562054660407,0.1567839209745614,0.9216347175524718,1.455333998148367,-129.00307492981435,41.40165679310976,131.05467405706833,0.1604877544993695,0.0439615102249017,0.1103607568096583,0.8273196658052885,0.5826337022487879,0.5641099466042386
2.11,-395.3011229729117,71.68919241215313,161.05371700395347,0.15396710488256,0.0367030009058766,0.0178090222293623,0.7839308665386993,0.3530340473792746,0.5113002956473838,-179.186302971891,72.85852626910417,21.125668458339725,0.0821463711577464,0.0907610564206409,0.099784152649573,0.2489943927410836,0.5861443273412219,0.1107845319543526,-190.00972397931,48.128314507619216,110.61938609985404,0.0682921878110987,0.0575970656730217,0.1107877280714398,0.2743395442625475,1.2182595829961764,0.7932409931866709,-129.32567274449235,41.30441074129944,130.9286423086994,0.1566050357143867,0.0629639475611087,0.1531935268722121,0.6444260542138527,0.96819619125304,0.6898170860600359
2.12,-395.118398739703,71.62083008712098,161.11846181614106,0.089666713603636,0.0623006133577802,0.1146604479846763,0.2677951348615252,0.0264662622209093,0.323051225506519,-179.19363059047,72.74468733005415,21.28629298071655,-0.0179335550924703,0.1184507378349205,0.012706968918914,0.0473688243417338,0.387255808916311,0.1977518458234029,-189.82267080281528,48.187138545705245,110.70239706766282,0.0496062677882554,0.0458922412405733,0.0915090531650052,0.467544672107357,0.6925589806042434,0.6315012347326217,-129.9313742016026,41.18917623918264,130.70163470016257,0.1269122120154261,0.079599995965288,0.1425081434035214,0.2914680100164113,1.7406721023495513,0.968112804950598
2.13,-394.86822985656295,71.55855819598062,161.56418543582902,0.1533358888580694,0.1841903447226058,0.1122436879544672,0.0002338546811554,0.030253852814171,0.0022667690714452,-179.19503146485968,72.6229116009699,21.37607997775979,0.1572295021138599,0.1861539356140463,0.0153745876479862,0.2983656382085783,0.0363513730541598,0.0065397120181743,-189.80856621840095,48.311606222249246,110.76064393510188,0.0558348760272404,0.0646096915902158,0.1000814601437521,0.527885610363202,0.0967004903658787,1.3836873002283063,-130.43195764924988,41.060982898362354,130.62820821386924,0.120686790131425,0.0928296449110227,0.0450970366189373,0.2878651612948492,1.446172809961994,1.2557079806224551
2.14,-394.6928039404051,71.29711484814192,161.7620899238318,0.2062457369197366,0.2068579982064173,0.0776941557062715,0.0458872615938396,0.0636198736696297,0.1106426427606583,-178.94450751977314,72.43765410267414,21.43120027696659,0.1759079623022732,0.133133126792835,0.0351423192706894,0.0448478417033019,0.7813474096056662,0.1401005618794937,-189.56227564340315,48.43813290265204,110.87468418175813,0.1638406854584804,0.0568838944392511,0.0467175809943248,-0.0011871133013062,0.2524886421332517,0.9927344835889113,-130.745512209176,41.0648527689192,130.58276441396313,0.1339621340275679,0.131787870640458,0.266812245081619,0.2929841311533833,0.3385770893869099,0.6448655036466986
2.15,-394.63133810984857,71.17767736665544,162.10980433058913,0.0316372975323411,0.1897361686640613,0.0639733325182597,0.2313162933537621,0.2450079623142091,0.2436522907690265,-178.82916823676885,72.37640354773268,21.491798861322685,0.092898334318363,0.0887624862568766,0.0507009550854998,0.1372644794064494,0.1505303372428942,0.2062568492663759,-189.3106748576394,48.374407632600025,111.01473501437538,0.2238519144807738,0.0841895487868066,0.1522632965442137,0.2035719189909572,0.0791368537535792,0.3315728160019204,-131.51917194265056,40.7546677862818,130.25457987321286,0.13247609977669,0.1628077452129395,0.3439820511734474,0.1215375071478331,0.2119625029442918,0.1571757467215911
2.16,-394.6252051847214,71.06376640213477,162.09850937624483,0.1418620220966875,0.0258960365475094,0.1464539696507838,0.1861163610093013,0.2460861946531716,0.4393837351264042,-178.86884183416592,72.30270613074896,21.690699013378048,0.0812686614074757,0.133484182379265,0.0269702964860757,0.2803744116627095,0.4386745210888313,0.4209882440193032,-189.0959375203839,48.42936334531602,110.9975202419236,0.0425293337443376,0.098626173087479,0.1331118458451599,0.9045377413467984,0.0394186803888741,1.2320168102729518,-132.35845712654086,40.51518224105177,130.04433108357196,0.1807976653728618,0.0768959296267125,0.0832779251923681,0.2797064126069982,0.5825850602172226,0.709317990803381
2.17,-394.69989470633016,70.94690461790975,161.68749954974928,0.1175645335554502,0.2016565398453243,-0.0106230062897264,0.4687319564488177,0.2339955472014491,0.5024552896948544,-178.9263148415785,72.2495367076,21.86297803629429,0.0515036629044581,0.1706357224858417,0.024599299307676,0.4040308155207612,0.7036628757518791,0.6402061397558123,-188.7927419033722,48.63350649460104,111.06954472121932,0.1642926430198975,0.0121777974593544,0.06879212874536,0.417587554478561,0.6090268221934174,0.8997424997951246,-132.76353976011785,40.56783728971463,129.94881465937522,0.2755331104988448,0.1442433288971533,0.2753829701464993,0.6044545251220298,0.2245954515724476,0.8424610231791421
2.18,-394.55755979942927,70.75824751881474,161.9349307640611,0.2032926872068413,0.3074904107664393,0.0045789689258205,0.2254537817067726,0.1869843049630964,0.0185864918924299,-178.746489889592,71.99576722161979,21.85879995149358,0.0888033068904634,0.2191663611591082,0.0628366530060342,0.7559843604125076,0.6205263300687558,0.7865837955529158,-188.50699213521443,48.6931672518426,111.264087317766,0.2259867865094877,0.0447462357390619,0.0655716283830283,0.904342534543392,0.3784001135613294,0.9908406770896055,-133.35598091687214,40.57554530514141,129.8987845226338,0.2336341532653702,0.1625549927113825,0.0969131697855242,0.6683641979636482,0.0679012724856515,1.1349736189987445
2.19,-394.5113851426262,70.46276896254828,162.22918209477953,0.1294212407593742,0.2143590730251849,0.0401127295526179,0.2940052960654711,0.2164833623389018,0.2810560301369803,-178.543912603138,71.86286577929036,21.56561051674272,0.0173691648013465,0.0564786602082324,0.1060448897852543,0.4195830131942686,0.7824560807249459,0.2925490265229312,-188.3597966361953,48.49153173307006,111.43527795447024,0.2882034630972064,-0.0099338475326369,0.2171873469205975,0.8984790081647995,0.74512268876803,0.8878970626158148,-134.23333569821577,40.11671228674748,129.6373099364096,0.1683509014704724,0.2106889987146602,0.2760394410413717,0.4625955828279473,0.0366949183088234,1.3151657836283126
2.2,-394.4283519072396,70.17953297383171,162.5057258507683,0.0572684211891568,0.1454636414364349,0.0639355889370823,0.3536847251497832,0.2836595035247082,0.5422942310647287,-178.68505267733204,71.99361373852696,21.37053904009305,0.0865679988296223,0.2096798976916447,0.0072597551543279,0.4274444623804835,0.5886570246216052,0.5948095950742754,-188.315264476188,48.38201463278008,111.54951435304402,0.2010065763098913,0.0960406381043052,0.1702303154518433,0.8852251410156788,0.3905105576447669,0.1219894845669337,-135.12528587439334,39.67690611893399,129.369633995301,0.074301777665541,0.2422258461616971,0.4680422748607213,0.2162064356926928,0.0268728163421705,1.4961598569262289
2.21,-394.57322340970006,70.11095112803118,162.43024943049434,0.0203761330309554,0.0513578959081606,0.0155773781776212,0.141323167181576,0.0770086436713693,0.2168502291492714,-178.55798252718364,72.07550747362978,21.494470197281,0.157164079419935,0.0289788026438951,0.0973027896548353,0.0832108160486667,0.6891117454253624,0.1347569929123522,-188.24038194963663,48.40149574769974,111.50811005627806,0.1146923486514084,0.1799204067333408,0.021667146804705,0.0788122470242282,1.2059012582399522,0.9382834182635832,-136.24590056750577,39.123219338318535,129.13243211103892,0.0796870658072613,0.2834394130026713,0.5198138227023869,0.6730638120893645,1.283460936751435,0.1554476100605551
2.22,-394.429651596009,69.99998638900368,162.4969029136046,0.1217560756014381,0.0966263326064366,0.0919679439834047,0.1486297832145357,0.5922607097711874,0.3830601717393056,-178.37185936475143,71.80703274717992,21.6706441010289,0.1470122560238197,0.2802475427837653,0.0175630336178541,0.7272695810541662,0.3023254460485497,1.0450281180948389,-188.0458201265721,48.29686052320911,111.48990781009569,0.2386077733801563,0.0958548103394709,0.2166766505210312,0.7163307960423546,0.2659672963832623,1.105600423784585,-137.19654855908422,38.54238926889431,128.87509702188615,0.0917529660500505,0.2037341636436146,0.3604593846282371,0.5982166516613007,1.0345331305026872,0.3465065063935884
2.23,-394.3655113827286,69.8671557604763,162.3749250755687,0.0410840685471199,0.2011948436270251,0.0726655497503081,0.2837925982193887,0.6342103813369747,0.3471159219050753,-178.1759147018742,71.62093282178613,21.552204193485164,0.0154257196072823,0.1290200576547144,0.0853318672984831,0.6292863530479489,0.2214424302890578,0.2450300869043549,-188.31479014177413,47.99291601375319,111.61937471062753,0.2082575282665812,0.0325171975906074,0.3064091730888835,1.072489366081029,0.6203840165588381,1.2145836982111815,-137.8881236170058,38.26295483295243,128.80292722648107,0.0877099065893405,0.2009537489104646,0.1916235259469456,0.5014054999892934,0.6419765518407832,0.9721375107396828
2.24,-394.31650148708985,69.74592698191944,162.68317519648167,0.0123531926765914,0.1039793921965316,0.0650801414055588,0.484588747094244,0.0663557722520852,0.5019533263438307,-178.30156319362342,71.80055480093395,21.164459665805765,0.1435427564300271,0.329571311679244,0.087495547937844,0.7871663421823966,0.3443979069381457,1.3566851968757692,-188.3597057364284,47.74508182749087,111.77297761232352,0.1797029752828717,0.0272238391948736,0.1645269812763783,0.4120886023170959,1.5415750688241543,1.226533627778038,-138.76550636688307,37.88472236831588,128.62445003908098,0.1691153285926334,0.292226625356302,0.2731096235856639,0.0524249788158722,0.4058042700601034,1.7923513308724035
2.25,-394.3097700504013,69.75825020266176,162.7475667035283,0.0234977792483589,0.143872068011707,0.0527008749399831,0.2129607814703671,0.0394381290162726,0.3944835287587817,-178.25151735813986,72.05860569563006,20.89070529302208,0.0885797225222506,0.1623047642810521,0.0293982418045255,0.0455809159472032,0.1351243964452829,0.3139448450567155,-188.0596030616639,47.88077382347179,111.89406368366303,0.1846763169758049,0.1407404937339727,0.1278958821912272,0.5165741568669673,0.4335637630743182,1.3788088918472274,-139.83413329424403,37.30696985139222,128.43201589528172,0.0898071182685325,0.291470223460846,0.4873512889172336,0.2158860393639905,0.124009487868595,1.0247447760810973
2.26,-394.32783011674405,69.80069682052743,162.58623685140495,0.023733457272263,0.0838511179835869,0.0239430261022033,0.1177886367540054,0.2201395382072058,0.1436510145463881,-177.9942450779677,71.99501626677223,20.668635652874084,0.094848048340088,0.1119566897444063,0.0486240376917261,0.3778056459046472,0.0944515993647369,0.6093801816503609,-187.8682520066122,47.74574852718899,111.94430786281004,0.266138280358631,0.137627434153401,0.2178620048022915,0.1962861373423088,1.6606829940175456,1.4752102487214471,-140.81880087675893,36.8014339254321,128.1878352845841,0.1415819516269333,0.1836795462713605,0.2827862281588529,0.4541768536012464,0.9234152724065604,0.753918888132884
2.27,-394.28409303324185,69.81379915853654,162.53070899566916,0.1318343915210438,0.0469207287634488,0.0954479812491747,0.082544161059804,0.1151401809078396,0.1752949833782745,-177.87420477191617,71.98558527406776,20.3732285075735,0.0124917988649608,0.0379789079107122,0.0649386505564388,0.4801565503698945,0.5251437011213469,0.1268286068687389,-187.9446913023181,47.44500832649201,112.04461406082596,0.3162756390107558,0.0109574599410654,0.3854740124770704,0.238391699735536,1.503874697100161,0.98375119783986,-141.67786210692793,36.375466468065774,128.00695717146468,0.1554062897380487,0.2703141019596063,0.3316039527841106,0.288260122157413,0.4660475028230989,1.1238261111049763
2.28,-394.2367338002133,69.7974365800704,162.4982070556452,0.1914724890534785,0.037137970311104,0.1367015983655322,0.0513458773610903,0.0104654013183666,0.1907469869351099,-177.8166438282275,72.30929600071507,19.880312610410552,0.072828497626415,0.3726430714739072,0.0456762940857755,0.5885747951248594,0.0524758603253613,0.5021377035832809,-187.93738865698108,47.197889479449415,112.18522026951324,0.415378660021981,0.0622291389070215,0.4999041671918174,0.0532642891371114,0.3367387550444894,1.1494775950680591,-142.9375100325219,35.75804940207838,127.81531953537204,0.1184800436632633,0.3629492191458745,0.5124886964094852,0.5421148727645129,0.1751609652473728,0.9020803985599598
2.29,-394.3728022706273,69.87831187833046,162.43811209455174,0.006818120844639,0.0253422536122858,0.1139164343625695,-0.0126317729112132,0.0285213329697438,0.238490704998618,-177.6284729058813,72.61178861400872,19.492432513791076,0.1796057969065622,0.2086948224984826,0.0127822766888177,0.059280891942441,0.0320584362870122,0.0927314390123753,-188.2668247338896,46.74237575574664,112.36375605834466,0.2932649544845128,0.0482951608166757,0.3849282729886263,0.1771396969277474,0.3700010658784334,1.116291570308441,-143.91545942667022,35.20210080276006,127.63183815245064,0.1042567760953286,0.3655530885650353,0.5012555610841419,0.491821162142259,0.293440995552004,0.7628283595768309
2.3,-394.43198894196735,69.86244486369885,162.12078940656218,0.1187674048698345,0.0671889028664465,0.0312002733995836,0.2738655563632128,0.152891740209968,0.0973341599259664,-177.36820283249872,72.62027059848093,19.214137238569915,0.1014954671998919,0.0002271832470567,0.0276154233110702,0.263515390787873,0.1687319112941,0.6672126152615513,-188.4319694922536,46.21504714811132,112.58469221842608,0.3254820992126099,0.0600784375114291,0.4517019046545196,0.2039810407905539,0.4928914390948113,1.0385218456672063,-144.94502044041818,34.61154460932011,127.433446931497,0.0880203028810645,0.3481208673361214,0.5001833853550127,0.4614187233257792,0.3832733985809109,0.6473418423066777
2.31,-394.3717260628935,69.8935559798902,162.12685313918945,0.0957358116485894,0.0331556559940842,0.0528507996802056,0.1652203362923663,0.3161914950283001,0.1303437511715542,-177.30545835078183,72.6630360267894,19.088654464172,0.0653567198746845,0.0298346112430844,0.0323177041013027,0.3036983899036013,0.1722281036285293,0.576785840335356,-188.5271073666244,45.95174909577353,112.67293334265248,0.3447793173426963,0.0363308830481496,0.4808417679476315,0.2134528745409575,0.5843260703307792,0.9906556903568708,-145.5075469321898,34.30465971450954,127.37455081676234,0.1138441564890412,0.3557625280200124,0.4528805532427561,0.4728947937749407,0.7431200843852076,1.0003644539195078
2.32,-394.3109452547456,69.950626325955,162.11713602867474,0.0689333310136354,0.0004498981189052,0.0486859336647972,0.1335704766571021,0.4323768470486653,0.1356237374012773,-177.2473310206959,72.67159909520235,18.931904848149408,0.0366427400460874,0.0696053628463331,0.0628835631352302,0.395110020093731,0.1838481935062523,0.5246386875348841,-188.62461879074627,45.6850830381997,112.7643134336942,0.3619297945568062,0.0566359118741272,0.5615598754704294,0.2248512436554447,0.6366848070744928,0.9525651608231762,-146.13338468406323,33.990842166727695,127.3304484679134,0.1015488771241244,0.3179130574744467,0.3998877255359028,0.4790633555528227,1.095743686921307,1.3648437016475266
2.33,-394.3808989836352,69.87319892640608,162.1039003952757,0.1014291837711486,0.0543245566094149,0.0846928585572749,0.0308938704992807,0.4513364493743406,0.39254380799348,-177.12584202687734,72.93221561589806,18.548546453884445,0.1232238057389629,0.2641991753060416,-0.0043236794964482,0.0924197186646102,0.2403960118154785,0.1607220970915039,-188.87279341881475,45.117315884308965,113.010478230462,0.3794569046238429,0.020752759813584,0.539252183375785,0.0109629975572835,0.6947816275507332,1.122109667771304,-147.62019549917028,33.17889510648259,127.0992588219791,0.0672280717317943,0.3660388323826831,0.6265942656431314,0.2711997956068547,1.3605017526178678,0.8641119819908532
2.34,-394.4335325632438,69.8859820902641,161.87531945479066,0.0108080819863134,0.086946526245893,0.124710801451499,0.0210858142073816,0.1986152892988494,0.4936718953225886,-176.98874292294258,73.12384444626589,18.37982021130689,0.1459251156996491,0.1477899450055382,0.0413541222737528,0.0348343399565667,0.0393200718999664,0.0853676864070235,-189.24125246266533,44.63887586728752,113.11916234446656,0.2793427188616119,0.0116451107040331,0.4471995661856839,0.4523233909050509,0.3554289907629154,1.0480099291897242,-149.1140441814959,32.37725141894516,126.88118660425036,0.005599475897269,0.3937418462432099,0.8374477456518874,0.0483567860324433,1.634333660012497,0.3925561801518812
2.35,-394.4362923412094,69.94382428936369,161.70944931968336,0.16377052056337,0.0133543818123395,-0.0118912134393088,0.2768116873207993,0.1036739602671936,0.200741867822588,-176.87146303762265,73.25393364118837,18.225656841364117,0.0570644253509773,0.0828724975101184,0.0111359508556568,0.0017382563480895,0.3932304095659584,0.060728951151524,-189.61074168116227,44.14932107837035,113.2621533136317,0.1810489304229674,0.0280365302002397,0.4165354703565426,0.8542665292558976,0.0166747312595371,0.967880248489454,-150.50300626189414,31.438758443566115,126.76309585407547,0.1567542404792363,0.2936619884037025,0.563847827152247,0.1261116979270187,1.6583824887939334,0.5282645212848337
2.36,-394.23922821578464,69.8616402604274,161.99419138485726,-0.0101844149113813,0.0402940230043735,0.0271971245889107,0.0331983132419167,0.2486789227230225,0.0530438182759905,-176.88064893679544,73.32065030592418,18.11828729489036,0.0050075078160243,0.1171790981994169,0.0446908931462628,0.1909035379286899,0.1321817117369557,0.0664540208769441,-189.94162185977171,43.63313204828522,113.36830859292394,0.1627743782751051,0.1307104608586584,0.4623862803992948,0.302875943626352,0.3239244081768788,1.3103115457369785,-151.16980548364222,30.870723830436237,126.86977905226966,0.1537990131461134,0.2149654258536797,0.1527228281227065,0.4754512039665325,0.2134048551408556,0.593745402192703
2.37,-394.1922556329592,69.94692655464748,162.0355097358195,0.0060509094503457,0.0433955448252396,0.0200909314422371,-0.0100758955785271,0.0541791423908768,0.067986272273481,-176.79241967016165,73.3687787925947,17.814243486804102,0.0587550880636395,0.0497518802563772,0.0409045605900403,0.3427942433512853,0.1528049694388666,0.4467345823263751,-190.4418837427044,43.134709678752216,113.49239222738788,0.095418640804604,0.1327149299265133,0.3293553078808889,0.3476636448119219,1.7376540397897673,0.1786459200458671,-151.49941462872997,30.62441906768515,127.00977360841752,0.1114267799804141,0.1669775887677216,0.1275074952179948,0.1553193562407418,0.4499709901539599,0.5465493273392747
2.38,-394.1174741574855,69.98952767126974,162.14115259538605,0.0160415607918563,0.0167884785646131,0.0087622000582904,0.1284378940959861,0.0484806097421282,0.1834063906647049,-176.80714860782203,73.43860109035178,17.809212138665387,0.0527448806527829,0.0793021326229862,0.0118034347546889,0.3749986168544436,0.1933155164466619,0.2386162972911368,-190.5001194133785,42.99866958080077,113.62948094115188,0.1329084056417672,0.0016406942490414,0.0172294331716957,0.4353093526215677,0.7738160758952002,0.3169507979696085,-152.0793806529148,30.24130678011128,127.05174921537376,0.0157335900430668,0.2809266486357474,0.3518492534160756,0.2091549069167249,0.2112151233344112,0.7106850564346632
2.39,-394.04600469063126,70.05876261364072,162.19740622408835,0.0262587492858635,0.0139561706248935,0.0246228783481025,0.2695188007489021,0.0692308919632664,0.2789099958886853,-176.78845745744746,73.51162645582329,17.80494229819576,0.0210376898577705,0.0941886979354324,0.0114075650057287,0.3778931157558101,0.188348573188954,0.022549648865596,-190.35822719052547,42.922501497245385,113.76442636637242,0.1477616740953062,0.0190115562916705,0.0496530522865635,0.7782680622195687,0.3231789941881369,0.7378052108504672,-152.87073482376823,29.770424108720103,127.0595304310723,0.0546535223227388,0.2724953960805478,0.366315255370762,0.2342406660272865,0.0759328113584398,0.4097268688650305
2.4,-393.9349627160637,70.04874894287715,162.36681742977618,0.0561050935538474,0.0568706700284961,0.0473927360691297,0.3235486909671479,0.0360862658106049,0.2792292971713701,-176.78977282483174,73.56194218497512,17.68158441644973,0.0227481725009867,0.0882108094212663,0.0070957901526956,0.2848631977503831,0.2175168400901546,0.3637857839737901,-190.4923550272747,42.80729980213852,113.81579920912924,0.0529169784866174,-0.0137965373297665,0.1578983536540366,0.2914381553277058,0.3792747008369476,0.3317438556180765,-153.40011205362828,29.317101982856613,127.12915062787806,0.1295609010761368,0.1616656126462684,0.288175420740055,0.1598197071221346,0.4124685069433982,0.5067148112272591
2.41,-393.9598989860633,69.98438464684463,162.41117807349738,0.0439115412895682,0.0926157293316672,0.0403319894599664,0.209914172360023,0.0390625452273645,0.2597911067201792,-176.81271608046043,73.59612130531849,17.634525190616216,0.0278884957592337,0.1241913419525984,0.001662435453033,0.3367754546826684,0.1296925149062653,0.3195822652204626,-190.82401987632156,42.57336075440647,113.75688796984878,-0.001392636234839,0.0535597974355031,0.2879462088876949,0.2698845191700718,0.6093823095830737,0.9543789839760102,-153.8210501686588,29.015877213515115,127.20871030576272,0.1242040371313325,0.078295175189168,0.3324181648071516,0.3964561023339386,0.7319436545246881,0.4400885680160841
2.42,-393.9929501888947,69.93445379501807,162.43686269484928,0.0857275145221545,0.1287930188053144,0.0036682665200575,0.083234428329059,0.0527007213371448,0.2371475888284134,-176.79763127526363,73.63480488968563,17.63021241966238,0.0520167725568816,0.127140899131797,0.0247157586568106,0.4117727752581762,0.0459124073034007,0.2602624803941158,-191.06931439682256,42.37904839627127,113.6905780029717,-0.0028538081240795,0.0301379819408864,0.1598424673389259,0.3313224896863055,0.5418952245936328,0.7577263740465879,-154.51290541481677,28.516672637370927,127.13184623842334,-0.0004460192903212,0.1163537951395102,0.4558602296014289,0.2173474741369861,1.3812612185499216,0.4244112409259805
2.43,-394.0560248930034,69.9322078694368,162.1837209347507,0.0084910257452837,0.0260960613964879,0.1656373742341929,0.0964054385912426,0.2871388775446541,0.1582889507281558,-176.7439041686228,73.43728193832655,17.660930099778362,0.0626588600840489,0.1516051941383025,0.001822657770052,0.0895030412098892,0.1287363110827651,0.2482257516942253,-191.36486968006648,42.19629169223127,113.62038005759236,0.0047964934869701,0.0062547533044633,0.0409162367833555,0.396700412073977,0.4863831556157094,0.5825794224350235,-154.94842645318485,28.31235681326689,127.0526817483493,0.0112633500194882,0.0830612780725764,0.1110089219914792,0.0464379278698143,0.1128916645345715,0.5225095305180453
2.44,-393.981219001249,69.86022114769013,162.31651079966005,0.0086631460220061,0.044250098723553,0.0418540209924745,0.0907379244066199,0.309569280807267,0.184409076747223,-176.75665827347666,73.44502893084747,17.674582145936427,0.0684341508473831,0.0360591261381639,0.0359273711520121,0.1779831467902923,0.2135832766006936,0.2764374380365511,-191.37938952343063,42.19449971074904,113.62662092512991,0.026737964842574,0.0162284174934545,0.068824126980039,0.0881602232834886,0.0565486661650463,0.7290226725112958,-155.27902419746502,28.053351515575763,127.0672342225921,0.0193050403153927,0.1100232971601697,0.1440976785080945,0.0625705690440633,0.1146349047690331,0.2987051928325123
2.45,-393.9253648210994,69.87405809708088,162.28459887514902,0.1357653721832197,0.0704425192698683,0.0495036923336194,0.1073961438774161,0.2889448648558336,0.1616123102300205,-176.62909253779628,73.51165392191042,17.619566653585036,0.1125165856662845,0.0243707377995702,0.0369348170503924,0.2145193148585829,0.0064623299179028,0.2657137841242248,-191.49221413683296,42.11957012037232,113.55687241109568,0.0196087919301124,-0.0053944455094411,0.0429182542401735,0.1633527536764844,0.3931761999017094,0.5529358215870563,-155.63184474822177,27.79715553110928,127.0532928227216,0.0471266849543581,0.0767181250911896,0.191028002441032,0.0917790012206105,0.0953018701612613,0.0734145962731999
2.46,-393.7258563652159,69.80306685523728,162.56689137201775,0.0358278552848004,0.0161497857365902,0.0214097354838023,0.2032472972757375,0.2813910891113033,0.0599625938781972,-176.42816737783383,73.48774616933947,17.62380027628977,0.1936828102635131,0.0633436557384864,0.0373341701065866,0.0609180220903691,0.0783064443649809,0.2578676662733057,-191.60779927846397,42.00742115755702,113.44022436468178,0.0543881911089064,0.0286859182805229,0.1515611787701259,0.0009124567215068,0.8474130244998935,0.5900704792694657,-155.8625086517959,27.61823511173865,127.07984146157658,0.0211069467223857,0.0659978528056286,0.2243448066113792,0.1508885469077734,0.3908874928658306,0.4010454085765859
2.47,-393.6882987880678,69.75346639672732,162.78443816119665,0.06816643207432,0.125840279668389,0.087220637381538,-0.0096739351285357,0.2531470347641788,0.0738952342483782,-176.16666137791955,73.36735547773485,17.61323719802077,0.0837381823345081,0.1543730853451396,0.0078679761439038,0.2372343795424498,0.0147430772284958,0.0444988943551992,-191.6771667177285,41.93291640241719,113.36782059052852,0.0076528133135413,0.0545988913419902,0.1138779416130724,0.0500578695963852,0.6852411940195429,0.7571503322117721,-156.5472758309554,27.309154092064517,126.9318410362114,0.0840218647352568,0.1096921631560723,0.2567821237167795,0.0418542748710177,1.677187814292951,0.6401117207126087
2.48,-393.6118780777737,69.62889729119827,162.94542572866607,0.0363063090379144,0.0709239025168677,0.0191791658171899,0.1163656731056403,0.3442913137787159,0.0257237730216145,-176.04782110662745,73.24213245893783,17.548344115717615,0.065201022316234,0.0442450744976855,0.0089054955567512,-0.0035346346483774,0.1679469113860879,0.3745822732119998,-191.8710554067887,41.79617023791494,113.31385992685075,0.0141459463091213,0.0188157787505448,0.0713812723366558,0.061011662280212,0.1049302738823383,1.0585102708239884,-157.0720067534967,27.05699400540228,126.81921964055311,0.0785129235028823,0.0932166704271731,0.1001922298009387,0.0113845614480138,1.544205790876768,0.3204516008932405
2.49,-393.4689559715691,69.61512211909196,163.03828780700962,0.0393284667005729,0.1012757409745701,0.0240508444106994,0.0594416666239689,0.1704615764943514,0.0500105924160165,-175.92467508094177,73.24968637773448,17.42426255901111,0.1534950309325674,0.025443229195036,0.0181785431508434,0.0758082491512813,0.2660437518719861,0.1397854361057404,-191.9367796277515,41.74479032262553,113.26505818773389,0.0301387475863181,0.0046640185239942,0.0352598581847883,0.1868548709530795,0.1250542533244287,1.0896292702596693,-156.8568619797836,27.3231806591306,126.80889738725529,0.0674637258623985,-0.0027454457285166,0.2677391479540331,0.0511015524102236,0.7249134426783915,1.1299000372211772
2.5,-393.3138510510679,69.62218297120872,163.112029673597,0.0070433577534399,0.113354580998262,0.0516781145566779,0.0121782060769331,0.0196398128830326,0.0395175790355208,-175.7328316712251,73.29501035021188,17.314582633639333,0.1371120572854029,0.0306510523736708,0.0230449570775075,0.093951247115666,0.2431200447990457,0.1583100847411266,-191.93376598521644,41.80561439962388,113.25103523542886,0.0379016657140056,0.0432667949294575,0.0652929260278174,0.008970828092725,0.8279844761980752,0.6493981841398818,-156.8088338312692,27.44093713784804,126.8716275571852,0.0096952431390256,0.0112642557386296,0.3697283378173566,0.6469574589401876,0.3314525399052128,0.9031882873356388
2.51,-393.1630783365047,69.6278414008894,163.25375330367265,0.0960669323870833,0.0288736464381893,0.0272189997915432,0.0499985708683392,0.0804741716806677,0.0507704859842415,-175.5131895318137,73.26403650369062,17.249159223085933,0.1413830420213926,0.0058448522579581,0.0232393151433421,0.1023988591287371,0.206118334511401,0.1391240351295145,-191.75389654970172,41.92441117079278,113.24693076547744,0.014411761856081,0.0385111816910851,0.1407627971295862,0.34173970578806,0.6561564393584983,0.8163374060489335,-156.5822016583583,27.680847619778028,127.00520211784392,0.059800976435947,0.0642453629177174,0.0583195538765229,0.2353010056327448,0.1305397451042043,0.6070908744783367
2.52,-393.0858162249909,69.58471831319082,163.30604386173763,0.1177680881168429,0.0346393818450459,0.0298660274058481,0.0527694571539171,0.0781831518849365,0.1206453811037829,-175.4264816544501,73.27113053809809,17.217600999630214,0.130799144841458,0.0171250936430115,0.0123926722119581,0.0944925870171626,0.1797260047160479,0.157534809320152,-191.72633079519315,41.94116026301882,113.27962520157904,0.0523401306651667,0.0454637545171159,0.1209302521045542,0.2600522878331405,0.5330008642565297,0.8546383065104541,-156.69198157709465,27.64626747825973,126.99520100552088,0.0702231010736524,0.0541362970557277,0.0353508845617107,0.2019388607791325,0.2588702006430818,0.5886743998888936
2.53,-393.00469141270895,69.56345405457687,163.36331306856877,0.1480339759605279,0.0172741376273392,0.0188980515340454,0.0847370892805546,0.066978001387818,0.1984215928354142,-175.30902685796855,73.24459456437127,17.18192384634698,0.1345224925884174,0.0166470026919516,-0.0044935395742335,0.1068386367089607,0.1579118060946595,0.1735542421517004,-191.7128924325932,41.94502144021468,113.27257605601208,0.043824654810951,0.0070265200466845,0.1119292646710233,0.1735714256624113,0.3802306754366183,0.9230115084905384,-156.84572342649437,27.62896058396152,126.93265771031108,0.0422958054118371,0.0649994629665208,0.0149570830602925,0.1661651799416021,0.4063557623982148,0.6015331070495705
2.54,-392.7942952548567,69.57404672087834,163.28741652954736,0.1292414723268837,0.0726146448916009,0.0258395975061726,0.0055053225320123,0.091061329390256,0.0754083044787553,-175.16702417748286,73.2335271427907,17.041440778207086,0.1158401471670601,0.0312590168494865,0.0053789917627079,0.1289865976694179,0.3086039436864444,0.0836090426643066,-191.6765259465022,41.94293740723501,113.3097503302719,0.0327288386604837,-0.0032030856010691,0.1485334799233386,0.0388844959355102,0.1267322726325441,1.0530468190723723,-157.11729567695224,27.560500271714133,126.88324379671138,0.0395947339149029,0.0732680141651579,-0.0002481975574286,0.0778362001537081,0.6761309224320258,0.56728998984417
2.55,-392.6182754091704,69.61913422899121,163.46186647921374,0.0933658203029886,0.0470915664166451,0.0202089811653212,0.1951054898046785,-0.0077174226713667,0.1027681509573681,-175.04939623271824,73.25300933297252,16.988070067079942,0.105098288217061,0.0071227207233677,0.0066557729830987,0.0806983876967375,0.2585924865226168,0.3039705745089491,-191.76340962677912,41.8099273415118,113.31614641988467,0.0068406861578088,0.0012986394048732,0.0761891046335465,0.4360810217026075,0.1250682197262323,0.8711975992835472,-157.31727527664611,27.49960345194162,126.89426223702768,0.0029763518301879,0.0368301739387605,0.0008830238984959,0.1906434234720553,0.8617029493732615,0.5052520955516459
