[2024-04-16 10:39:00.740] [info] Updating Model file from 40000 to latest format...
[2024-04-16 10:39:00.776] [info] Loaded model Rajagopal_2015 from file Rajagopal_2015.osim
[2024-04-16 10:39:01.814] [info] Heading correction computed to be 113.307 degs about ground Y.
[2024-04-16 10:39:01.820] [info] Processing torso_imu
[2024-04-16 10:39:01.820] [info] Computed offset for torso_imu
[2024-04-16 10:39:01.821] [info] Offset is 
[0.315294,-0.0237375,0.948697]
[0.94644,0.0811645,-0.312513]
[-0.0695822,0.996418,0.0480568]

[2024-04-16 10:39:01.822] [info] Creating offset frame for torso_imu
[2024-04-16 10:39:01.825] [info] Added offset frame for torso_imu.
[2024-04-16 10:39:01.826] [info] torso_imu offset computed from torso_imu data from file.
[2024-04-16 10:39:01.826] [info] Processing pelvis_imu
[2024-04-16 10:39:01.826] [info] Computed offset for pelvis_imu
[2024-04-16 10:39:01.827] [info] Offset is 
[0.280953,0.00157552,0.95972]
[0.957527,0.0671338,-0.280421]
[-0.0648715,0.997743,0.0173528]

[2024-04-16 10:39:01.827] [info] Creating offset frame for pelvis_imu
[2024-04-16 10:39:01.831] [info] Added offset frame for pelvis_imu.
[2024-04-16 10:39:01.831] [info] pelvis_imu offset computed from pelvis_imu data from file.
[2024-04-16 10:39:01.831] [info] Processing tibia_r_imu
[2024-04-16 10:39:01.832] [info] Computed offset for tibia_r_imu
[2024-04-16 10:39:01.834] [info] Offset is 
[0.0965278,0.977377,-0.188191]
[0.989909,-0.113978,-0.0842017]
[-0.103746,-0.178164,-0.978516]

[2024-04-16 10:39:01.836] [info] Creating offset frame for tibia_r_imu
[2024-04-16 10:39:01.841] [info] Added offset frame for tibia_r_imu.
[2024-04-16 10:39:01.841] [info] tibia_r_imu offset computed from tibia_r_imu data from file.
[2024-04-16 10:39:01.842] [info] Processing femur_r_imu
[2024-04-16 10:39:01.842] [info] Computed offset for femur_r_imu
[2024-04-16 10:39:01.842] [info] Offset is 
[-0.0408079,0.969041,-0.243505]
[0.996553,0.0570898,0.0601841]
[0.0722225,-0.24021,-0.968031]

[2024-04-16 10:39:01.843] [info] Creating offset frame for femur_r_imu
[2024-04-16 10:39:01.847] [info] Added offset frame for femur_r_imu.
[2024-04-16 10:39:01.847] [info] femur_r_imu offset computed from femur_r_imu data from file.
[2024-04-16 10:39:01.847] [info] Processing tibia_l_imu
[2024-04-16 10:39:01.848] [info] Computed offset for tibia_l_imu
[2024-04-16 10:39:01.848] [info] Offset is 
[0.0950796,-0.941402,0.323607]
[0.992984,0.0667322,-0.0976203]
[0.070305,0.330618,0.941142]

[2024-04-16 10:39:01.849] [info] Creating offset frame for tibia_l_imu
[2024-04-16 10:39:01.851] [info] Added offset frame for tibia_l_imu.
[2024-04-16 10:39:01.851] [info] tibia_l_imu offset computed from tibia_l_imu data from file.
[2024-04-16 10:39:01.851] [info] Processing femur_l_imu
[2024-04-16 10:39:01.852] [info] Computed offset for femur_l_imu
[2024-04-16 10:39:01.852] [info] Offset is 
[0.15939,-0.980766,0.112659]
[0.985443,0.164899,0.0413474]
[-0.0591295,0.104428,0.992773]

[2024-04-16 10:39:01.854] [info] Creating offset frame for femur_l_imu
[2024-04-16 10:39:01.857] [info] Added offset frame for femur_l_imu.
[2024-04-16 10:39:01.858] [info] femur_l_imu offset computed from femur_l_imu data from file.
[2024-04-16 10:39:01.858] [info] Processing calcn_r_imu
[2024-04-16 10:39:01.858] [info] Computed offset for calcn_r_imu
[2024-04-16 10:39:01.858] [info] Offset is 
[0.132853,0.838951,-0.527742]
[0.052645,-0.537683,-0.841502]
[-0.989737,0.0840129,-0.115599]

[2024-04-16 10:39:01.860] [info] Creating offset frame for calcn_r_imu
[2024-04-16 10:39:01.863] [info] Added offset frame for calcn_r_imu.
[2024-04-16 10:39:01.863] [info] calcn_r_imu offset computed from calcn_r_imu data from file.
[2024-04-16 10:39:01.863] [info] Processing calcn_l_imu
[2024-04-16 10:39:01.864] [info] Computed offset for calcn_l_imu
[2024-04-16 10:39:01.864] [info] Offset is 
[0.055168,-0.866604,-0.495938]
[0.00919381,0.497114,-0.867636]
[0.998435,0.0433062,0.0353922]

[2024-04-16 10:39:01.865] [info] Creating offset frame for calcn_l_imu
[2024-04-16 10:39:01.867] [info] Added offset frame for calcn_l_imu.
[2024-04-16 10:39:01.867] [info] calcn_l_imu offset computed from calcn_l_imu data from file.
[2024-04-16 10:39:03.370] [info] InverseKinematicsSolver found 8 model frames to track.
[2024-04-16 10:40:48.931] [info] Updating Model file from 40000 to latest format...
[2024-04-16 10:40:48.988] [info] Loaded model Rajagopal_2015 from file Rajagopal_2015.osim
[2024-04-16 10:40:49.119] [info] Heading correction computed to be 113.307 degs about ground Y.
[2024-04-16 10:40:49.126] [info] Processing torso_imu
[2024-04-16 10:40:49.126] [info] Computed offset for torso_imu
[2024-04-16 10:40:49.126] [info] Offset is 
[0.315294,-0.0237375,0.948697]
[0.94644,0.0811645,-0.312513]
[-0.0695822,0.996418,0.0480568]

[2024-04-16 10:40:49.126] [info] Creating offset frame for torso_imu
[2024-04-16 10:40:49.129] [info] Added offset frame for torso_imu.
[2024-04-16 10:40:49.129] [info] torso_imu offset computed from torso_imu data from file.
[2024-04-16 10:40:49.129] [info] Processing pelvis_imu
[2024-04-16 10:40:49.129] [info] Computed offset for pelvis_imu
[2024-04-16 10:40:49.129] [info] Offset is 
[0.280953,0.00157552,0.95972]
[0.957527,0.0671338,-0.280421]
[-0.0648715,0.997743,0.0173528]

[2024-04-16 10:40:49.130] [info] Creating offset frame for pelvis_imu
[2024-04-16 10:40:49.132] [info] Added offset frame for pelvis_imu.
[2024-04-16 10:40:49.132] [info] pelvis_imu offset computed from pelvis_imu data from file.
[2024-04-16 10:40:49.133] [info] Processing tibia_r_imu
[2024-04-16 10:40:49.133] [info] Computed offset for tibia_r_imu
[2024-04-16 10:40:49.133] [info] Offset is 
[0.0965278,0.977377,-0.188191]
[0.989909,-0.113978,-0.0842017]
[-0.103746,-0.178164,-0.978516]

[2024-04-16 10:40:49.134] [info] Creating offset frame for tibia_r_imu
[2024-04-16 10:40:49.136] [info] Added offset frame for tibia_r_imu.
[2024-04-16 10:40:49.136] [info] tibia_r_imu offset computed from tibia_r_imu data from file.
[2024-04-16 10:40:49.137] [info] Processing femur_r_imu
[2024-04-16 10:40:49.137] [info] Computed offset for femur_r_imu
[2024-04-16 10:40:49.137] [info] Offset is 
[-0.0408079,0.969041,-0.243505]
[0.996553,0.0570898,0.0601841]
[0.0722225,-0.24021,-0.968031]

[2024-04-16 10:40:49.139] [info] Creating offset frame for femur_r_imu
[2024-04-16 10:40:49.142] [info] Added offset frame for femur_r_imu.
[2024-04-16 10:40:49.142] [info] femur_r_imu offset computed from femur_r_imu data from file.
[2024-04-16 10:40:49.142] [info] Processing tibia_l_imu
[2024-04-16 10:40:49.143] [info] Computed offset for tibia_l_imu
[2024-04-16 10:40:49.143] [info] Offset is 
[0.0950796,-0.941402,0.323607]
[0.992984,0.0667322,-0.0976203]
[0.070305,0.330618,0.941142]

[2024-04-16 10:40:49.144] [info] Creating offset frame for tibia_l_imu
[2024-04-16 10:40:49.147] [info] Added offset frame for tibia_l_imu.
[2024-04-16 10:40:49.147] [info] tibia_l_imu offset computed from tibia_l_imu data from file.
[2024-04-16 10:40:49.147] [info] Processing femur_l_imu
[2024-04-16 10:40:49.147] [info] Computed offset for femur_l_imu
[2024-04-16 10:40:49.148] [info] Offset is 
[0.15939,-0.980766,0.112659]
[0.985443,0.164899,0.0413474]
[-0.0591295,0.104428,0.992773]

[2024-04-16 10:40:49.149] [info] Creating offset frame for femur_l_imu
[2024-04-16 10:40:49.152] [info] Added offset frame for femur_l_imu.
[2024-04-16 10:40:49.152] [info] femur_l_imu offset computed from femur_l_imu data from file.
[2024-04-16 10:40:49.153] [info] Processing calcn_r_imu
[2024-04-16 10:40:49.153] [info] Computed offset for calcn_r_imu
[2024-04-16 10:40:49.153] [info] Offset is 
[0.132853,0.838951,-0.527742]
[0.052645,-0.537683,-0.841502]
[-0.989737,0.0840129,-0.115599]

[2024-04-16 10:40:49.154] [info] Creating offset frame for calcn_r_imu
[2024-04-16 10:40:49.156] [info] Added offset frame for calcn_r_imu.
[2024-04-16 10:40:49.156] [info] calcn_r_imu offset computed from calcn_r_imu data from file.
[2024-04-16 10:40:49.157] [info] Processing calcn_l_imu
[2024-04-16 10:40:49.157] [info] Computed offset for calcn_l_imu
[2024-04-16 10:40:49.157] [info] Offset is 
[0.055168,-0.866604,-0.495938]
[0.00919381,0.497114,-0.867636]
[0.998435,0.0433062,0.0353922]

[2024-04-16 10:40:49.159] [info] Creating offset frame for calcn_l_imu
[2024-04-16 10:40:49.162] [info] Added offset frame for calcn_l_imu.
[2024-04-16 10:40:49.162] [info] calcn_l_imu offset computed from calcn_l_imu data from file.
[2024-04-16 10:40:49.946] [info] InverseKinematicsSolver found 8 model frames to track.
[2024-04-16 10:43:14.506] [info] Updating Model file from 40000 to latest format...
[2024-04-16 10:43:14.533] [info] Loaded model Rajagopal_2015 from file Rajagopal_2015.osim
[2024-04-16 10:43:14.739] [info] Heading correction computed to be 113.307 degs about ground Y.
[2024-04-16 10:43:14.746] [info] Processing torso_imu
[2024-04-16 10:43:14.746] [info] Computed offset for torso_imu
[2024-04-16 10:43:14.747] [info] Offset is 
[0.315294,-0.0237375,0.948697]
[0.94644,0.0811645,-0.312513]
[-0.0695822,0.996418,0.0480568]

[2024-04-16 10:43:14.748] [info] Creating offset frame for torso_imu
[2024-04-16 10:43:14.752] [info] Added offset frame for torso_imu.
[2024-04-16 10:43:14.753] [info] torso_imu offset computed from torso_imu data from file.
[2024-04-16 10:43:14.753] [info] Processing pelvis_imu
[2024-04-16 10:43:14.753] [info] Computed offset for pelvis_imu
[2024-04-16 10:43:14.753] [info] Offset is 
[0.280953,0.00157552,0.95972]
[0.957527,0.0671338,-0.280421]
[-0.0648715,0.997743,0.0173528]

[2024-04-16 10:43:14.754] [info] Creating offset frame for pelvis_imu
[2024-04-16 10:43:14.756] [info] Added offset frame for pelvis_imu.
[2024-04-16 10:43:14.757] [info] pelvis_imu offset computed from pelvis_imu data from file.
[2024-04-16 10:43:14.757] [info] Processing tibia_r_imu
[2024-04-16 10:43:14.757] [info] Computed offset for tibia_r_imu
[2024-04-16 10:43:14.758] [info] Offset is 
[0.0965278,0.977377,-0.188191]
[0.989909,-0.113978,-0.0842017]
[-0.103746,-0.178164,-0.978516]

[2024-04-16 10:43:14.760] [info] Creating offset frame for tibia_r_imu
[2024-04-16 10:43:14.762] [info] Added offset frame for tibia_r_imu.
[2024-04-16 10:43:14.762] [info] tibia_r_imu offset computed from tibia_r_imu data from file.
[2024-04-16 10:43:14.762] [info] Processing femur_r_imu
[2024-04-16 10:43:14.762] [info] Computed offset for femur_r_imu
[2024-04-16 10:43:14.763] [info] Offset is 
[-0.0408079,0.969041,-0.243505]
[0.996553,0.0570898,0.0601841]
[0.0722225,-0.24021,-0.968031]

[2024-04-16 10:43:14.764] [info] Creating offset frame for femur_r_imu
[2024-04-16 10:43:14.766] [info] Added offset frame for femur_r_imu.
[2024-04-16 10:43:14.767] [info] femur_r_imu offset computed from femur_r_imu data from file.
[2024-04-16 10:43:14.767] [info] Processing tibia_l_imu
[2024-04-16 10:43:14.768] [info] Computed offset for tibia_l_imu
[2024-04-16 10:43:14.768] [info] Offset is 
[0.0950796,-0.941402,0.323607]
[0.992984,0.0667322,-0.0976203]
[0.070305,0.330618,0.941142]

[2024-04-16 10:43:14.769] [info] Creating offset frame for tibia_l_imu
[2024-04-16 10:43:14.772] [info] Added offset frame for tibia_l_imu.
[2024-04-16 10:43:14.772] [info] tibia_l_imu offset computed from tibia_l_imu data from file.
[2024-04-16 10:43:14.772] [info] Processing femur_l_imu
[2024-04-16 10:43:14.772] [info] Computed offset for femur_l_imu
[2024-04-16 10:43:14.773] [info] Offset is 
[0.15939,-0.980766,0.112659]
[0.985443,0.164899,0.0413474]
[-0.0591295,0.104428,0.992773]

[2024-04-16 10:43:14.774] [info] Creating offset frame for femur_l_imu
[2024-04-16 10:43:14.777] [info] Added offset frame for femur_l_imu.
[2024-04-16 10:43:14.777] [info] femur_l_imu offset computed from femur_l_imu data from file.
[2024-04-16 10:43:14.777] [info] Processing calcn_r_imu
[2024-04-16 10:43:14.777] [info] Computed offset for calcn_r_imu
[2024-04-16 10:43:14.778] [info] Offset is 
[0.132853,0.838951,-0.527742]
[0.052645,-0.537683,-0.841502]
[-0.989737,0.0840129,-0.115599]

[2024-04-16 10:43:14.778] [info] Creating offset frame for calcn_r_imu
[2024-04-16 10:43:14.781] [info] Added offset frame for calcn_r_imu.
[2024-04-16 10:43:14.781] [info] calcn_r_imu offset computed from calcn_r_imu data from file.
[2024-04-16 10:43:14.781] [info] Processing calcn_l_imu
[2024-04-16 10:43:14.781] [info] Computed offset for calcn_l_imu
[2024-04-16 10:43:14.782] [info] Offset is 
[0.055168,-0.866604,-0.495938]
[0.00919381,0.497114,-0.867636]
[0.998435,0.0433062,0.0353922]

[2024-04-16 10:43:14.784] [info] Creating offset frame for calcn_l_imu
[2024-04-16 10:43:14.787] [info] Added offset frame for calcn_l_imu.
[2024-04-16 10:43:14.788] [info] calcn_l_imu offset computed from calcn_l_imu data from file.
[2024-04-16 10:43:15.625] [info] InverseKinematicsSolver found 8 model frames to track.
[2024-04-16 10:44:28.749] [info] Updating Model file from 40000 to latest format...
[2024-04-16 10:44:28.771] [info] Loaded model Rajagopal_2015 from file Rajagopal_2015.osim
[2024-04-16 10:44:28.901] [info] Heading correction computed to be 113.307 degs about ground Y.
[2024-04-16 10:44:28.908] [info] Processing torso_imu
[2024-04-16 10:44:28.908] [info] Computed offset for torso_imu
[2024-04-16 10:44:28.908] [info] Offset is 
[0.315294,-0.0237375,0.948697]
[0.94644,0.0811645,-0.312513]
[-0.0695822,0.996418,0.0480568]

[2024-04-16 10:44:28.911] [info] Creating offset frame for torso_imu
[2024-04-16 10:44:28.913] [info] Added offset frame for torso_imu.
[2024-04-16 10:44:28.914] [info] torso_imu offset computed from torso_imu data from file.
[2024-04-16 10:44:28.914] [info] Processing pelvis_imu
[2024-04-16 10:44:28.914] [info] Computed offset for pelvis_imu
[2024-04-16 10:44:28.914] [info] Offset is 
[0.280953,0.00157552,0.95972]
[0.957527,0.0671338,-0.280421]
[-0.0648715,0.997743,0.0173528]

[2024-04-16 10:44:28.915] [info] Creating offset frame for pelvis_imu
[2024-04-16 10:44:28.917] [info] Added offset frame for pelvis_imu.
[2024-04-16 10:44:28.918] [info] pelvis_imu offset computed from pelvis_imu data from file.
[2024-04-16 10:44:28.918] [info] Processing tibia_r_imu
[2024-04-16 10:44:28.918] [info] Computed offset for tibia_r_imu
[2024-04-16 10:44:28.918] [info] Offset is 
[0.0965278,0.977377,-0.188191]
[0.989909,-0.113978,-0.0842017]
[-0.103746,-0.178164,-0.978516]

[2024-04-16 10:44:28.919] [info] Creating offset frame for tibia_r_imu
[2024-04-16 10:44:28.922] [info] Added offset frame for tibia_r_imu.
[2024-04-16 10:44:28.922] [info] tibia_r_imu offset computed from tibia_r_imu data from file.
[2024-04-16 10:44:28.922] [info] Processing femur_r_imu
[2024-04-16 10:44:28.923] [info] Computed offset for femur_r_imu
[2024-04-16 10:44:28.923] [info] Offset is 
[-0.0408079,0.969041,-0.243505]
[0.996553,0.0570898,0.0601841]
[0.0722225,-0.24021,-0.968031]

[2024-04-16 10:44:28.924] [info] Creating offset frame for femur_r_imu
[2024-04-16 10:44:28.926] [info] Added offset frame for femur_r_imu.
[2024-04-16 10:44:28.927] [info] femur_r_imu offset computed from femur_r_imu data from file.
[2024-04-16 10:44:28.927] [info] Processing tibia_l_imu
[2024-04-16 10:44:28.927] [info] Computed offset for tibia_l_imu
[2024-04-16 10:44:28.927] [info] Offset is 
[0.0950796,-0.941402,0.323607]
[0.992984,0.0667322,-0.0976203]
[0.070305,0.330618,0.941142]

[2024-04-16 10:44:28.928] [info] Creating offset frame for tibia_l_imu
[2024-04-16 10:44:28.930] [info] Added offset frame for tibia_l_imu.
[2024-04-16 10:44:28.931] [info] tibia_l_imu offset computed from tibia_l_imu data from file.
[2024-04-16 10:44:28.931] [info] Processing femur_l_imu
[2024-04-16 10:44:28.931] [info] Computed offset for femur_l_imu
[2024-04-16 10:44:28.931] [info] Offset is 
[0.15939,-0.980766,0.112659]
[0.985443,0.164899,0.0413474]
[-0.0591295,0.104428,0.992773]

[2024-04-16 10:44:28.932] [info] Creating offset frame for femur_l_imu
[2024-04-16 10:44:28.936] [info] Added offset frame for femur_l_imu.
[2024-04-16 10:44:28.937] [info] femur_l_imu offset computed from femur_l_imu data from file.
[2024-04-16 10:44:28.937] [info] Processing calcn_r_imu
[2024-04-16 10:44:28.937] [info] Computed offset for calcn_r_imu
[2024-04-16 10:44:28.937] [info] Offset is 
[0.132853,0.838951,-0.527742]
[0.052645,-0.537683,-0.841502]
[-0.989737,0.0840129,-0.115599]

[2024-04-16 10:44:28.938] [info] Creating offset frame for calcn_r_imu
[2024-04-16 10:44:28.940] [info] Added offset frame for calcn_r_imu.
[2024-04-16 10:44:28.941] [info] calcn_r_imu offset computed from calcn_r_imu data from file.
[2024-04-16 10:44:28.941] [info] Processing calcn_l_imu
[2024-04-16 10:44:28.941] [info] Computed offset for calcn_l_imu
[2024-04-16 10:44:28.941] [info] Offset is 
[0.055168,-0.866604,-0.495938]
[0.00919381,0.497114,-0.867636]
[0.998435,0.0433062,0.0353922]

[2024-04-16 10:44:28.943] [info] Creating offset frame for calcn_l_imu
[2024-04-16 10:44:28.949] [info] Added offset frame for calcn_l_imu.
[2024-04-16 10:44:28.966] [info] calcn_l_imu offset computed from calcn_l_imu data from file.
[2024-04-16 10:44:29.727] [info] InverseKinematicsSolver found 8 model frames to track.
[2024-04-16 10:48:42.952] [info] Updating Model file from 40000 to latest format...
[2024-04-16 10:48:42.977] [info] Loaded model Rajagopal_2015 from file Rajagopal_2015.osim
[2024-04-16 10:48:43.175] [info] Heading correction computed to be 113.307 degs about ground Y.
[2024-04-16 10:48:43.181] [info] Processing torso_imu
[2024-04-16 10:48:43.181] [info] Computed offset for torso_imu
[2024-04-16 10:48:43.182] [info] Offset is 
[0.315294,-0.0237375,0.948697]
[0.94644,0.0811645,-0.312513]
[-0.0695822,0.996418,0.0480568]

[2024-04-16 10:48:43.183] [info] Creating offset frame for torso_imu
[2024-04-16 10:48:43.186] [info] Added offset frame for torso_imu.
[2024-04-16 10:48:43.186] [info] torso_imu offset computed from torso_imu data from file.
[2024-04-16 10:48:43.187] [info] Processing pelvis_imu
[2024-04-16 10:48:43.187] [info] Computed offset for pelvis_imu
[2024-04-16 10:48:43.187] [info] Offset is 
[0.280953,0.00157552,0.95972]
[0.957527,0.0671338,-0.280421]
[-0.0648715,0.997743,0.0173528]

[2024-04-16 10:48:43.188] [info] Creating offset frame for pelvis_imu
[2024-04-16 10:48:43.190] [info] Added offset frame for pelvis_imu.
[2024-04-16 10:48:43.191] [info] pelvis_imu offset computed from pelvis_imu data from file.
[2024-04-16 10:48:43.191] [info] Processing tibia_r_imu
[2024-04-16 10:48:43.191] [info] Computed offset for tibia_r_imu
[2024-04-16 10:48:43.191] [info] Offset is 
[0.0965278,0.977377,-0.188191]
[0.989909,-0.113978,-0.0842017]
[-0.103746,-0.178164,-0.978516]

[2024-04-16 10:48:43.193] [info] Creating offset frame for tibia_r_imu
[2024-04-16 10:48:43.195] [info] Added offset frame for tibia_r_imu.
[2024-04-16 10:48:43.195] [info] tibia_r_imu offset computed from tibia_r_imu data from file.
[2024-04-16 10:48:43.195] [info] Processing femur_r_imu
[2024-04-16 10:48:43.195] [info] Computed offset for femur_r_imu
[2024-04-16 10:48:43.195] [info] Offset is 
[-0.0408079,0.969041,-0.243505]
[0.996553,0.0570898,0.0601841]
[0.0722225,-0.24021,-0.968031]

[2024-04-16 10:48:43.197] [info] Creating offset frame for femur_r_imu
[2024-04-16 10:48:43.199] [info] Added offset frame for femur_r_imu.
[2024-04-16 10:48:43.199] [info] femur_r_imu offset computed from femur_r_imu data from file.
[2024-04-16 10:48:43.200] [info] Processing tibia_l_imu
[2024-04-16 10:48:43.200] [info] Computed offset for tibia_l_imu
[2024-04-16 10:48:43.200] [info] Offset is 
[0.0950796,-0.941402,0.323607]
[0.992984,0.0667322,-0.0976203]
[0.070305,0.330618,0.941142]

[2024-04-16 10:48:43.201] [info] Creating offset frame for tibia_l_imu
[2024-04-16 10:48:43.203] [info] Added offset frame for tibia_l_imu.
[2024-04-16 10:48:43.204] [info] tibia_l_imu offset computed from tibia_l_imu data from file.
[2024-04-16 10:48:43.204] [info] Processing femur_l_imu
[2024-04-16 10:48:43.205] [info] Computed offset for femur_l_imu
[2024-04-16 10:48:43.205] [info] Offset is 
[0.15939,-0.980766,0.112659]
[0.985443,0.164899,0.0413474]
[-0.0591295,0.104428,0.992773]

[2024-04-16 10:48:43.206] [info] Creating offset frame for femur_l_imu
[2024-04-16 10:48:43.209] [info] Added offset frame for femur_l_imu.
[2024-04-16 10:48:43.209] [info] femur_l_imu offset computed from femur_l_imu data from file.
[2024-04-16 10:48:43.210] [info] Processing calcn_r_imu
[2024-04-16 10:48:43.210] [info] Computed offset for calcn_r_imu
[2024-04-16 10:48:43.210] [info] Offset is 
[0.132853,0.838951,-0.527742]
[0.052645,-0.537683,-0.841502]
[-0.989737,0.0840129,-0.115599]

[2024-04-16 10:48:43.211] [info] Creating offset frame for calcn_r_imu
[2024-04-16 10:48:43.214] [info] Added offset frame for calcn_r_imu.
[2024-04-16 10:48:43.214] [info] calcn_r_imu offset computed from calcn_r_imu data from file.
[2024-04-16 10:48:43.214] [info] Processing calcn_l_imu
[2024-04-16 10:48:43.214] [info] Computed offset for calcn_l_imu
[2024-04-16 10:48:43.214] [info] Offset is 
[0.055168,-0.866604,-0.495938]
[0.00919381,0.497114,-0.867636]
[0.998435,0.0433062,0.0353922]

[2024-04-16 10:48:43.215] [info] Creating offset frame for calcn_l_imu
[2024-04-16 10:48:43.218] [info] Added offset frame for calcn_l_imu.
[2024-04-16 10:48:43.218] [info] calcn_l_imu offset computed from calcn_l_imu data from file.
[2024-04-16 10:48:44.164] [info] InverseKinematicsSolver found 8 model frames to track.
[2024-04-16 10:52:07.403] [info] Updating Model file from 40000 to latest format...
[2024-04-16 10:52:07.443] [info] Loaded model Rajagopal_2015 from file Rajagopal_2015.osim
[2024-04-16 10:52:07.615] [info] Heading correction computed to be 113.307 degs about ground Y.
[2024-04-16 10:52:07.620] [info] Processing torso_imu
[2024-04-16 10:52:07.621] [info] Computed offset for torso_imu
[2024-04-16 10:52:07.621] [info] Offset is 
[0.315294,-0.0237375,0.948697]
[0.94644,0.0811645,-0.312513]
[-0.0695822,0.996418,0.0480568]

[2024-04-16 10:52:07.622] [info] Creating offset frame for torso_imu
[2024-04-16 10:52:07.626] [info] Added offset frame for torso_imu.
[2024-04-16 10:52:07.626] [info] torso_imu offset computed from torso_imu data from file.
[2024-04-16 10:52:07.626] [info] Processing pelvis_imu
[2024-04-16 10:52:07.627] [info] Computed offset for pelvis_imu
[2024-04-16 10:52:07.627] [info] Offset is 
[0.280953,0.00157552,0.95972]
[0.957527,0.0671338,-0.280421]
[-0.0648715,0.997743,0.0173528]

[2024-04-16 10:52:07.629] [info] Creating offset frame for pelvis_imu
[2024-04-16 10:52:07.632] [info] Added offset frame for pelvis_imu.
[2024-04-16 10:52:07.632] [info] pelvis_imu offset computed from pelvis_imu data from file.
[2024-04-16 10:52:07.633] [info] Processing tibia_r_imu
[2024-04-16 10:52:07.633] [info] Computed offset for tibia_r_imu
[2024-04-16 10:52:07.633] [info] Offset is 
[0.0965278,0.977377,-0.188191]
[0.989909,-0.113978,-0.0842017]
[-0.103746,-0.178164,-0.978516]

[2024-04-16 10:52:07.634] [info] Creating offset frame for tibia_r_imu
[2024-04-16 10:52:07.637] [info] Added offset frame for tibia_r_imu.
[2024-04-16 10:52:07.637] [info] tibia_r_imu offset computed from tibia_r_imu data from file.
[2024-04-16 10:52:07.637] [info] Processing femur_r_imu
[2024-04-16 10:52:07.637] [info] Computed offset for femur_r_imu
[2024-04-16 10:52:07.637] [info] Offset is 
[-0.0408079,0.969041,-0.243505]
[0.996553,0.0570898,0.0601841]
[0.0722225,-0.24021,-0.968031]

[2024-04-16 10:52:07.639] [info] Creating offset frame for femur_r_imu
[2024-04-16 10:52:07.641] [info] Added offset frame for femur_r_imu.
[2024-04-16 10:52:07.642] [info] femur_r_imu offset computed from femur_r_imu data from file.
[2024-04-16 10:52:07.642] [info] Processing tibia_l_imu
[2024-04-16 10:52:07.642] [info] Computed offset for tibia_l_imu
[2024-04-16 10:52:07.643] [info] Offset is 
[0.0950796,-0.941402,0.323607]
[0.992984,0.0667322,-0.0976203]
[0.070305,0.330618,0.941142]

[2024-04-16 10:52:07.644] [info] Creating offset frame for tibia_l_imu
[2024-04-16 10:52:07.646] [info] Added offset frame for tibia_l_imu.
[2024-04-16 10:52:07.646] [info] tibia_l_imu offset computed from tibia_l_imu data from file.
[2024-04-16 10:52:07.646] [info] Processing femur_l_imu
[2024-04-16 10:52:07.646] [info] Computed offset for femur_l_imu
[2024-04-16 10:52:07.647] [info] Offset is 
[0.15939,-0.980766,0.112659]
[0.985443,0.164899,0.0413474]
[-0.0591295,0.104428,0.992773]

[2024-04-16 10:52:07.648] [info] Creating offset frame for femur_l_imu
[2024-04-16 10:52:07.651] [info] Added offset frame for femur_l_imu.
[2024-04-16 10:52:07.651] [info] femur_l_imu offset computed from femur_l_imu data from file.
[2024-04-16 10:52:07.651] [info] Processing calcn_r_imu
[2024-04-16 10:52:07.651] [info] Computed offset for calcn_r_imu
[2024-04-16 10:52:07.652] [info] Offset is 
[0.132853,0.838951,-0.527742]
[0.052645,-0.537683,-0.841502]
[-0.989737,0.0840129,-0.115599]

[2024-04-16 10:52:07.653] [info] Creating offset frame for calcn_r_imu
[2024-04-16 10:52:07.655] [info] Added offset frame for calcn_r_imu.
[2024-04-16 10:52:07.655] [info] calcn_r_imu offset computed from calcn_r_imu data from file.
[2024-04-16 10:52:07.656] [info] Processing calcn_l_imu
[2024-04-16 10:52:07.656] [info] Computed offset for calcn_l_imu
[2024-04-16 10:52:07.656] [info] Offset is 
[0.055168,-0.866604,-0.495938]
[0.00919381,0.497114,-0.867636]
[0.998435,0.0433062,0.0353922]

[2024-04-16 10:52:07.657] [info] Creating offset frame for calcn_l_imu
[2024-04-16 10:52:07.660] [info] Added offset frame for calcn_l_imu.
[2024-04-16 10:52:07.660] [info] calcn_l_imu offset computed from calcn_l_imu data from file.
[2024-04-16 10:52:08.500] [info] InverseKinematicsSolver found 8 model frames to track.
[2024-04-16 10:52:10.436] [info] Loaded model Rajagopal_2015 from file Rajagopal_2015_calibrated.osim
[2024-04-16 10:52:10.553] [info] Loading orientations as quaternions from 'MT_012005D6_009-001_orientations.sto'...
[2024-04-16 10:52:11.206] [info] InverseKinematicsSolver found 8 model frames to track.
[2024-04-16 10:52:37.161] [info] Wrote IK with IMU tracking results to: 'ik_MT_012005D6_009-001_orientations.mot'.
[2024-04-16 10:58:01.311] [info] Updating Model file from 40000 to latest format...
[2024-04-16 10:58:01.332] [info] Loaded model Rajagopal_2015 from file Rajagopal_2015.osim
[2024-04-16 10:58:01.507] [info] Heading correction computed to be 113.307 degs about ground Y.
[2024-04-16 10:58:01.513] [info] Processing torso_imu
[2024-04-16 10:58:01.514] [info] Computed offset for torso_imu
[2024-04-16 10:58:01.514] [info] Offset is 
[0.315294,-0.0237375,0.948697]
[0.94644,0.0811645,-0.312513]
[-0.0695822,0.996418,0.0480568]

[2024-04-16 10:58:01.517] [info] Creating offset frame for torso_imu
[2024-04-16 10:58:01.519] [info] Added offset frame for torso_imu.
[2024-04-16 10:58:01.520] [info] torso_imu offset computed from torso_imu data from file.
[2024-04-16 10:58:01.520] [info] Processing pelvis_imu
[2024-04-16 10:58:01.520] [info] Computed offset for pelvis_imu
[2024-04-16 10:58:01.520] [info] Offset is 
[0.280953,0.00157552,0.95972]
[0.957527,0.0671338,-0.280421]
[-0.0648715,0.997743,0.0173528]

[2024-04-16 10:58:01.522] [info] Creating offset frame for pelvis_imu
[2024-04-16 10:58:01.525] [info] Added offset frame for pelvis_imu.
[2024-04-16 10:58:01.525] [info] pelvis_imu offset computed from pelvis_imu data from file.
[2024-04-16 10:58:01.525] [info] Processing tibia_r_imu
[2024-04-16 10:58:01.526] [info] Computed offset for tibia_r_imu
[2024-04-16 10:58:01.526] [info] Offset is 
[0.0965278,0.977377,-0.188191]
[0.989909,-0.113978,-0.0842017]
[-0.103746,-0.178164,-0.978516]

[2024-04-16 10:58:01.527] [info] Creating offset frame for tibia_r_imu
[2024-04-16 10:58:01.529] [info] Added offset frame for tibia_r_imu.
[2024-04-16 10:58:01.529] [info] tibia_r_imu offset computed from tibia_r_imu data from file.
[2024-04-16 10:58:01.530] [info] Processing femur_r_imu
[2024-04-16 10:58:01.530] [info] Computed offset for femur_r_imu
[2024-04-16 10:58:01.530] [info] Offset is 
[-0.0408079,0.969041,-0.243505]
[0.996553,0.0570898,0.0601841]
[0.0722225,-0.24021,-0.968031]

[2024-04-16 10:58:01.532] [info] Creating offset frame for femur_r_imu
[2024-04-16 10:58:01.535] [info] Added offset frame for femur_r_imu.
[2024-04-16 10:58:01.535] [info] femur_r_imu offset computed from femur_r_imu data from file.
[2024-04-16 10:58:01.540] [info] Processing tibia_l_imu
[2024-04-16 10:58:01.540] [info] Computed offset for tibia_l_imu
[2024-04-16 10:58:01.540] [info] Offset is 
[0.0950796,-0.941402,0.323607]
[0.992984,0.0667322,-0.0976203]
[0.070305,0.330618,0.941142]

[2024-04-16 10:58:01.541] [info] Creating offset frame for tibia_l_imu
[2024-04-16 10:58:01.543] [info] Added offset frame for tibia_l_imu.
[2024-04-16 10:58:01.544] [info] tibia_l_imu offset computed from tibia_l_imu data from file.
[2024-04-16 10:58:01.544] [info] Processing femur_l_imu
[2024-04-16 10:58:01.544] [info] Computed offset for femur_l_imu
[2024-04-16 10:58:01.544] [info] Offset is 
[0.15939,-0.980766,0.112659]
[0.985443,0.164899,0.0413474]
[-0.0591295,0.104428,0.992773]

[2024-04-16 10:58:01.545] [info] Creating offset frame for femur_l_imu
[2024-04-16 10:58:01.548] [info] Added offset frame for femur_l_imu.
[2024-04-16 10:58:01.549] [info] femur_l_imu offset computed from femur_l_imu data from file.
[2024-04-16 10:58:01.549] [info] Processing calcn_r_imu
[2024-04-16 10:58:01.549] [info] Computed offset for calcn_r_imu
[2024-04-16 10:58:01.549] [info] Offset is 
[0.132853,0.838951,-0.527742]
[0.052645,-0.537683,-0.841502]
[-0.989737,0.0840129,-0.115599]

[2024-04-16 10:58:01.550] [info] Creating offset frame for calcn_r_imu
[2024-04-16 10:58:01.553] [info] Added offset frame for calcn_r_imu.
[2024-04-16 10:58:01.553] [info] calcn_r_imu offset computed from calcn_r_imu data from file.
[2024-04-16 10:58:01.553] [info] Processing calcn_l_imu
[2024-04-16 10:58:01.553] [info] Computed offset for calcn_l_imu
[2024-04-16 10:58:01.553] [info] Offset is 
[0.055168,-0.866604,-0.495938]
[0.00919381,0.497114,-0.867636]
[0.998435,0.0433062,0.0353922]

[2024-04-16 10:58:01.554] [info] Creating offset frame for calcn_l_imu
[2024-04-16 10:58:01.557] [info] Added offset frame for calcn_l_imu.
[2024-04-16 10:58:01.557] [info] calcn_l_imu offset computed from calcn_l_imu data from file.
[2024-04-16 10:58:02.506] [info] InverseKinematicsSolver found 8 model frames to track.
[2024-04-16 10:58:04.593] [info] Loaded model Rajagopal_2015 from file Rajagopal_2015_calibrated.osim
[2024-04-16 10:58:04.706] [info] Loading orientations as quaternions from 'MT_012005D6_009-001_orientations.sto'...
[2024-04-16 10:58:05.311] [info] InverseKinematicsSolver found 8 model frames to track.
[2024-04-16 10:58:31.260] [info] Wrote IK with IMU tracking results to: 'ik_MT_012005D6_009-001_orientations.mot'.
[2024-04-16 10:59:56.968] [info] Updating Model file from 40000 to latest format...
[2024-04-16 10:59:56.996] [info] Loaded model Rajagopal_2015 from file Rajagopal_2015.osim
[2024-04-16 10:59:57.146] [info] Heading correction computed to be 113.307 degs about ground Y.
[2024-04-16 10:59:57.155] [info] Processing torso_imu
[2024-04-16 10:59:57.155] [info] Computed offset for torso_imu
[2024-04-16 10:59:57.156] [info] Offset is 
[0.315294,-0.0237375,0.948697]
[0.94644,0.0811645,-0.312513]
[-0.0695822,0.996418,0.0480568]

[2024-04-16 10:59:57.158] [info] Creating offset frame for torso_imu
[2024-04-16 10:59:57.162] [info] Added offset frame for torso_imu.
[2024-04-16 10:59:57.163] [info] torso_imu offset computed from torso_imu data from file.
[2024-04-16 10:59:57.163] [info] Processing pelvis_imu
[2024-04-16 10:59:57.163] [info] Computed offset for pelvis_imu
[2024-04-16 10:59:57.164] [info] Offset is 
[0.280953,0.00157552,0.95972]
[0.957527,0.0671338,-0.280421]
[-0.0648715,0.997743,0.0173528]

[2024-04-16 10:59:57.165] [info] Creating offset frame for pelvis_imu
[2024-04-16 10:59:57.169] [info] Added offset frame for pelvis_imu.
[2024-04-16 10:59:57.170] [info] pelvis_imu offset computed from pelvis_imu data from file.
[2024-04-16 10:59:57.170] [info] Processing tibia_r_imu
[2024-04-16 10:59:57.171] [info] Computed offset for tibia_r_imu
[2024-04-16 10:59:57.171] [info] Offset is 
[0.0965278,0.977377,-0.188191]
[0.989909,-0.113978,-0.0842017]
[-0.103746,-0.178164,-0.978516]

[2024-04-16 10:59:57.172] [info] Creating offset frame for tibia_r_imu
[2024-04-16 10:59:57.177] [info] Added offset frame for tibia_r_imu.
[2024-04-16 10:59:57.178] [info] tibia_r_imu offset computed from tibia_r_imu data from file.
[2024-04-16 10:59:57.178] [info] Processing femur_r_imu
[2024-04-16 10:59:57.179] [info] Computed offset for femur_r_imu
[2024-04-16 10:59:57.179] [info] Offset is 
[-0.0408079,0.969041,-0.243505]
[0.996553,0.0570898,0.0601841]
[0.0722225,-0.24021,-0.968031]

[2024-04-16 10:59:57.181] [info] Creating offset frame for femur_r_imu
[2024-04-16 10:59:57.184] [info] Added offset frame for femur_r_imu.
[2024-04-16 10:59:57.185] [info] femur_r_imu offset computed from femur_r_imu data from file.
[2024-04-16 10:59:57.185] [info] Processing tibia_l_imu
[2024-04-16 10:59:57.185] [info] Computed offset for tibia_l_imu
[2024-04-16 10:59:57.185] [info] Offset is 
[0.0950796,-0.941402,0.323607]
[0.992984,0.0667322,-0.0976203]
[0.070305,0.330618,0.941142]

[2024-04-16 10:59:57.186] [info] Creating offset frame for tibia_l_imu
[2024-04-16 10:59:57.189] [info] Added offset frame for tibia_l_imu.
[2024-04-16 10:59:57.189] [info] tibia_l_imu offset computed from tibia_l_imu data from file.
[2024-04-16 10:59:57.190] [info] Processing femur_l_imu
[2024-04-16 10:59:57.190] [info] Computed offset for femur_l_imu
[2024-04-16 10:59:57.191] [info] Offset is 
[0.15939,-0.980766,0.112659]
[0.985443,0.164899,0.0413474]
[-0.0591295,0.104428,0.992773]

[2024-04-16 10:59:57.194] [info] Creating offset frame for femur_l_imu
[2024-04-16 10:59:57.209] [info] Added offset frame for femur_l_imu.
[2024-04-16 10:59:57.216] [info] femur_l_imu offset computed from femur_l_imu data from file.
[2024-04-16 10:59:57.216] [info] Processing calcn_r_imu
[2024-04-16 10:59:57.217] [info] Computed offset for calcn_r_imu
[2024-04-16 10:59:57.217] [info] Offset is 
[0.132853,0.838951,-0.527742]
[0.052645,-0.537683,-0.841502]
[-0.989737,0.0840129,-0.115599]

[2024-04-16 10:59:57.218] [info] Creating offset frame for calcn_r_imu
[2024-04-16 10:59:57.224] [info] Added offset frame for calcn_r_imu.
[2024-04-16 10:59:57.231] [info] calcn_r_imu offset computed from calcn_r_imu data from file.
[2024-04-16 10:59:57.232] [info] Processing calcn_l_imu
[2024-04-16 10:59:57.236] [info] Computed offset for calcn_l_imu
[2024-04-16 10:59:57.236] [info] Offset is 
[0.055168,-0.866604,-0.495938]
[0.00919381,0.497114,-0.867636]
[0.998435,0.0433062,0.0353922]

[2024-04-16 10:59:57.237] [info] Creating offset frame for calcn_l_imu
[2024-04-16 10:59:57.242] [info] Added offset frame for calcn_l_imu.
[2024-04-16 10:59:57.243] [info] calcn_l_imu offset computed from calcn_l_imu data from file.
[2024-04-16 10:59:58.019] [info] InverseKinematicsSolver found 8 model frames to track.
[2024-04-16 11:00:00.626] [info] Loaded model Rajagopal_2015 from file Rajagopal_2015_calibrated.osim
[2024-04-16 11:00:00.741] [info] Loading orientations as quaternions from 'MT_012005D6_009-001_orientations.sto'...
[2024-04-16 11:00:01.324] [info] InverseKinematicsSolver found 8 model frames to track.
[2024-04-16 11:00:27.848] [info] Wrote IK with IMU tracking results to: 'ik_MT_012005D6_009-001_orientations.mot'.
[2024-04-16 11:00:51.011] [info] Updating Model file from 40000 to latest format...
[2024-04-16 11:00:51.038] [info] Loaded model Rajagopal_2015 from file Rajagopal_2015.osim
[2024-04-16 11:00:51.207] [info] Heading correction computed to be 113.307 degs about ground Y.
[2024-04-16 11:00:51.215] [info] Processing torso_imu
[2024-04-16 11:00:51.215] [info] Computed offset for torso_imu
[2024-04-16 11:00:51.215] [info] Offset is 
[0.315294,-0.0237375,0.948697]
[0.94644,0.0811645,-0.312513]
[-0.0695822,0.996418,0.0480568]

[2024-04-16 11:00:51.217] [info] Creating offset frame for torso_imu
[2024-04-16 11:00:51.220] [info] Added offset frame for torso_imu.
[2024-04-16 11:00:51.220] [info] torso_imu offset computed from torso_imu data from file.
[2024-04-16 11:00:51.221] [info] Processing pelvis_imu
[2024-04-16 11:00:51.221] [info] Computed offset for pelvis_imu
[2024-04-16 11:00:51.221] [info] Offset is 
[0.280953,0.00157552,0.95972]
[0.957527,0.0671338,-0.280421]
[-0.0648715,0.997743,0.0173528]

[2024-04-16 11:00:51.223] [info] Creating offset frame for pelvis_imu
[2024-04-16 11:00:51.226] [info] Added offset frame for pelvis_imu.
[2024-04-16 11:00:51.227] [info] pelvis_imu offset computed from pelvis_imu data from file.
[2024-04-16 11:00:51.227] [info] Processing tibia_r_imu
[2024-04-16 11:00:51.228] [info] Computed offset for tibia_r_imu
[2024-04-16 11:00:51.228] [info] Offset is 
[0.0965278,0.977377,-0.188191]
[0.989909,-0.113978,-0.0842017]
[-0.103746,-0.178164,-0.978516]

[2024-04-16 11:00:51.230] [info] Creating offset frame for tibia_r_imu
[2024-04-16 11:00:51.233] [info] Added offset frame for tibia_r_imu.
[2024-04-16 11:00:51.233] [info] tibia_r_imu offset computed from tibia_r_imu data from file.
[2024-04-16 11:00:51.234] [info] Processing femur_r_imu
[2024-04-16 11:00:51.234] [info] Computed offset for femur_r_imu
[2024-04-16 11:00:51.234] [info] Offset is 
[-0.0408079,0.969041,-0.243505]
[0.996553,0.0570898,0.0601841]
[0.0722225,-0.24021,-0.968031]

[2024-04-16 11:00:51.235] [info] Creating offset frame for femur_r_imu
[2024-04-16 11:00:51.237] [info] Added offset frame for femur_r_imu.
[2024-04-16 11:00:51.238] [info] femur_r_imu offset computed from femur_r_imu data from file.
[2024-04-16 11:00:51.238] [info] Processing tibia_l_imu
[2024-04-16 11:00:51.238] [info] Computed offset for tibia_l_imu
[2024-04-16 11:00:51.239] [info] Offset is 
[0.0950796,-0.941402,0.323607]
[0.992984,0.0667322,-0.0976203]
[0.070305,0.330618,0.941142]

[2024-04-16 11:00:51.250] [info] Creating offset frame for tibia_l_imu
[2024-04-16 11:00:51.268] [info] Added offset frame for tibia_l_imu.
[2024-04-16 11:00:51.285] [info] tibia_l_imu offset computed from tibia_l_imu data from file.
[2024-04-16 11:00:51.286] [info] Processing femur_l_imu
[2024-04-16 11:00:51.287] [info] Computed offset for femur_l_imu
[2024-04-16 11:00:51.287] [info] Offset is 
[0.15939,-0.980766,0.112659]
[0.985443,0.164899,0.0413474]
[-0.0591295,0.104428,0.992773]

[2024-04-16 11:00:51.288] [info] Creating offset frame for femur_l_imu
[2024-04-16 11:00:51.305] [info] Added offset frame for femur_l_imu.
[2024-04-16 11:00:51.306] [info] femur_l_imu offset computed from femur_l_imu data from file.
[2024-04-16 11:00:51.306] [info] Processing calcn_r_imu
[2024-04-16 11:00:51.306] [info] Computed offset for calcn_r_imu
[2024-04-16 11:00:51.306] [info] Offset is 
[0.132853,0.838951,-0.527742]
[0.052645,-0.537683,-0.841502]
[-0.989737,0.0840129,-0.115599]

[2024-04-16 11:00:51.307] [info] Creating offset frame for calcn_r_imu
[2024-04-16 11:00:51.309] [info] Added offset frame for calcn_r_imu.
[2024-04-16 11:00:51.309] [info] calcn_r_imu offset computed from calcn_r_imu data from file.
[2024-04-16 11:00:51.310] [info] Processing calcn_l_imu
[2024-04-16 11:00:51.310] [info] Computed offset for calcn_l_imu
[2024-04-16 11:00:51.310] [info] Offset is 
[0.055168,-0.866604,-0.495938]
[0.00919381,0.497114,-0.867636]
[0.998435,0.0433062,0.0353922]

[2024-04-16 11:00:51.311] [info] Creating offset frame for calcn_l_imu
[2024-04-16 11:00:51.313] [info] Added offset frame for calcn_l_imu.
[2024-04-16 11:00:51.313] [info] calcn_l_imu offset computed from calcn_l_imu data from file.
[2024-04-16 11:00:52.033] [info] InverseKinematicsSolver found 8 model frames to track.
[2024-04-16 11:01:07.554] [info] Updating Model file from 40000 to latest format...
